indices=0,1,2,3,104,133,142,147,149 recid=1
indices=0,1,2,20,123,126,141,144,145 recid=0
indices=0,1,2,29,65,134,141,145,148 recid=0
indices=0,1,2,44,65,74,139,144,148 recid=1
indices=0,1,3,6,23,76,147,148,149 recid=1
indices=0,1,3,23,56,117,139,144,149 recid=0
indices=0,1,3,26,32,106,142,146,148 recid=1
indices=0,1,3,33,99,106,139,144,147 recid=1
indices=0,1,4,33,122,129,142,144,147 recid=1
indices=0,1,4,35,58,120,139,144,145 recid=1
indices=0,1,4,36,83,120,144,146,149 recid=1
indices=0,1,4,59,60,123,143,146,149 recid=0
indices=0,1,4,85,88,118,146,148,149 recid=0
indices=0,1,5,9,26,105,143,144,146 recid=1
indices=0,1,5,9,32,47,137,148,149 recid=1
indices=0,1,5,11,64,123,142,147,148 recid=1
indices=0,1,5,17,49,89,137,145,147 recid=1
indices=0,1,5,35,117,132,141,146,149 recid=1
indices=0,1,5,70,95,109,145,147,148 recid=1
indices=0,1,5,94,127,135,137,138,146 recid=1
indices=0,1,6,12,41,91,139,144,149 recid=0
indices=0,1,6,18,63,133,137,145,148 recid=1
indices=0,1,6,37,40,49,140,144,147 recid=1
indices=0,1,6,39,121,136,141,146,149 recid=0
indices=0,1,6,43,113,120,140,144,145 recid=1
indices=0,1,6,70,90,115,139,145,146 recid=1
indices=0,1,6,74,84,108,140,144,146 recid=1
indices=0,1,6,77,83,116,145,146,147 recid=1
indices=0,1,7,17,48,113,143,145,149 recid=1
indices=0,1,7,19,43,91,147,148,149 recid=1
indices=0,1,7,21,68,97,137,148,149 recid=1
indices=0,1,7,26,62,114,145,148,149 recid=0
indices=0,1,7,29,76,97,142,144,149 recid=0
indices=0,1,7,40,64,79,139,145,149 recid=0
indices=0,1,7,85,96,136,140,148,149 recid=0
indices=0,1,8,21,48,77,141,145,148 recid=1
indices=0,1,8,28,83,126,138,146,147 recid=1
indices=0,1,8,28,107,133,140,146,148 recid=1
indices=0,1,8,51,59,115,140,147,149 recid=1
indices=0,1,8,79,110,117,144,146,147 recid=0
indices=0,1,8,84,86,94,142,144,149 recid=0
indices=0,1,9,17,33,119,137,144,148 recid=1
indices=0,1,9,22,78,114,138,144,147 recid=1
indices=0,1,9,29,85,120,143,146,147 recid=0
indices=0,1,9,36,68,133,142,144,146 recid=0
indices=0,1,9,73,112,132,137,144,145 recid=0
indices=0,1,10,27,124,135,137,145,149 recid=1
indices=0,1,10,35,55,72,144,146,147 recid=0
indices=0,1,10,39,120,127,140,148,149 recid=0
indices=0,1,10,49,94,110,139,145,148 recid=1
indices=0,1,10,51,67,107,141,145,148 recid=1
indices=0,1,10,53,110,134,138,147,149 recid=0
indices=0,1,11,27,33,93,138,144,145 recid=0
indices=0,1,11,31,32,89,139,148,149 recid=1
indices=0,1,11,47,71,127,138,145,146 recid=0
indices=0,1,11,69,100,122,141,147,149 recid=0
indices=0,1,12,13,28,96,142,145,146 recid=0
indices=0,1,12,18,40,54,145,148,149 recid=0
indices=0,1,12,22,81,98,139,147,148 recid=0
indices=0,1,12,36,109,125,137,138,146 recid=1
indices=0,1,12,46,71,119,142,147,149 recid=0
indices=0,1,13,67,85,117,141,147,149 recid=1
indices=0,1,13,93,101,104,139,146,149 recid=1
indices=0,1,14,21,32,136,142,147,149 recid=1
indices=0,1,14,35,45,96,142,146,149 recid=0
indices=0,1,14,43,56,65,138,146,148 recid=0
indices=0,1,14,43,72,100,144,145,147 recid=0
indices=0,1,14,51,108,113,138,144,145 recid=1
indices=0,1,14,113,126,127,141,144,148 recid=1
indices=0,1,15,18,93,97,139,144,149 recid=1
indices=0,1,15,23,105,120,142,145,146 recid=0
indices=0,1,15,38,86,112,138,144,146 recid=1
indices=0,1,15,43,54,88,137,144,147 recid=0
indices=0,1,15,62,92,100,143,147,148 recid=1
indices=0,1,15,65,72,101,141,146,149 recid=1
indices=0,1,16,21,31,89,142,146,147 recid=0
indices=0,1,16,35,51,73,137,148,149 recid=0
indices=0,1,16,65,114,129,137,147,149 recid=1
indices=0,1,17,22,79,110,147,148,149 recid=1
indices=0,1,17,39,42,71,141,144,145 recid=0
indices=0,1,18,40,41,80,144,146,149 recid=1
indices=0,1,18,53,60,68,146,147,149 recid=0
indices=0,1,18,54,91,124,140,147,148 recid=0
indices=0,1,18,58,94,95,142,145,146 recid=1
indices=0,1,18,100,129,132,143,145,149 recid=1
indices=0,1,19,94,111,128,137,145,147 recid=1
indices=0,1,21,37,59,68,144,147,148 recid=1
indices=0,1,21,57,73,119,140,148,149 recid=1
indices=0,1,21,74,91,133,138,144,149 recid=0
indices=0,1,22,29,69,75,138,144,148 recid=0
indices=0,1,22,50,119,126,140,146,147 recid=0
indices=0,1,22,52,73,83,138,144,146 recid=0
indices=0,1,22,61,74,107,145,146,147 recid=1
indices=0,1,23,33,41,68,137,138,147 recid=0
indices=0,1,23,39,65,109,145,147,149 recid=1
indices=0,1,23,81,101,116,143,146,148 recid=1
indices=0,1,23,94,109,115,143,144,149 recid=0
indices=0,1,24,25,49,53,139,146,147 recid=0
indices=0,1,24,38,51,53,139,145,147 recid=1
indices=0,1,24,54,73,114,142,147,149 recid=1
indices=0,1,24,66,96,110,143,145,147 recid=1
indices=0,1,24,74,89,102,147,148,149 recid=0
indices=0,1,24,80,96,129,141,146,147 recid=1
indices=0,1,24,91,93,136,145,146,149 recid=0
indices=0,1,25,29,54,119,139,145,149 recid=0
indices=0,1,25,34,80,103,139,146,149 recid=0
indices=0,1,25,41,99,100,143,144,147 recid=1
indices=0,1,25,82,85,129,139,147,148 recid=1
indices=0,1,25,102,125,134,137,144,148 recid=0
indices=0,1,26,58,94,104,140,147,148 recid=1
indices=0,1,26,65,80,86,140,146,149 recid=0
indices=0,1,27,33,56,124,141,147,148 recid=0
indices=0,1,27,44,60,73,140,144,148 recid=1
indices=0,1,27,67,104,114,143,148,149 recid=0
indices=0,1,27,95,106,129,140,147,148 recid=1
indices=0,1,28,30,58,128,140,146,147 recid=0
indices=0,1,28,35,48,89,137,147,149 recid=1
indices=0,1,28,39,56,89,138,147,148 recid=1
indices=0,1,28,71,74,128,143,146,147 recid=1
indices=0,1,28,72,75,124,139,145,146 recid=0
indices=0,1,28,80,123,131,138,145,148 recid=1
indices=0,1,28,87,119,120,137,144,147 recid=0
indices=0,1,29,45,116,122,144,146,149 recid=0
indices=0,1,29,56,80,96,145,147,149 recid=1
indices=0,1,29,62,71,131,140,144,145 recid=0
indices=0,1,29,83,90,126,139,144,148 recid=1
indices=0,1,30,70,77,125,140,145,147 recid=0
indices=0,1,30,94,101,136,144,145,149 recid=1
indices=0,1,30,100,115,123,139,144,146 recid=0
indices=0,1,31,33,86,120,143,145,147 recid=1
indices=0,1,31,40,48,62,141,146,147 recid=1
indices=0,1,31,49,73,84,144,147,148 recid=0
indices=0,1,31,53,69,80,141,146,149 recid=1
indices=0,1,31,82,84,88,145,147,148 recid=0
indices=0,1,32,34,73,87,142,147,148 recid=0
indices=0,1,32,38,67,76,143,146,148 recid=0
indices=0,1,32,60,77,134,142,145,146 recid=0
indices=0,1,32,76,93,113,142,147,148 recid=1
indices=0,1,32,107,112,119,143,147,148 recid=0
indices=0,1,33,35,46,116,144,146,148 recid=0
indices=0,1,33,38,89,95,137,145,148 recid=1
indices=0,1,33,62,97,99,140,148,149 recid=1
indices=0,1,33,75,77,107,140,145,147 recid=0
indices=0,1,34,54,127,135,143,144,145 recid=0
indices=0,1,34,84,94,108,139,148,149 recid=0
indices=0,1,35,36,87,132,138,145,146 recid=1
indices=0,1,35,52,115,128,142,148,149 recid=1
indices=0,1,35,57,107,126,140,144,148 recid=0
indices=0,1,35,59,81,103,143,147,148 recid=1
indices=0,1,36,72,94,131,140,146,148 recid=1
indices=0,1,37,41,98,106,137,145,149 recid=1
indices=0,1,37,43,76,97,140,145,147 recid=1
indices=0,1,38,43,65,83,138,146,147 recid=0
indices=0,1,38,58,77,122,140,146,148 recid=0
indices=0,1,38,70,71,130,137,148,149 recid=1
indices=0,1,39,53,115,127,143,144,147 recid=1
indices=0,1,39,55,85,121,140,144,146 recid=0
indices=0,1,39,55,115,122,141,145,148 recid=1
indices=0,1,40,75,99,106,138,145,149 recid=0
indices=0,1,40,78,86,91,142,144,149 recid=0
indices=0,1,40,78,121,130,138,145,146 recid=0
indices=0,1,41,44,119,120,142,144,145 recid=1
indices=0,1,41,51,93,98,137,138,147 recid=1
indices=0,1,41,51,122,124,137,147,149 recid=0
indices=0,1,41,52,130,134,137,148,149 recid=0
indices=0,1,41,83,110,126,138,144,146 recid=0
indices=0,1,41,104,108,112,139,145,149 recid=1
indices=0,1,42,59,70,101,137,138,145 recid=0
indices=0,1,44,63,77,131,141,144,146 recid=0
indices=0,1,45,59,130,135,138,144,148 recid=0
indices=0,1,45,96,97,123,142,148,149 recid=1
indices=0,1,48,68,90,132,139,144,147 recid=1
indices=0,1,48,85,98,123,137,145,149 recid=1
indices=0,1,49,50,85,118,137,145,147 recid=1
indices=0,1,49,79,100,125,142,147,148 recid=0
indices=0,1,49,103,130,134,139,145,146 recid=0
indices=0,1,51,61,62,67,140,146,147 recid=1
indices=0,1,51,63,104,120,143,145,149 recid=1
indices=0,1,52,67,109,123,144,148,149 recid=0
indices=0,1,52,69,99,100,144,146,147 recid=0
indices=0,1,53,60,68,87,138,147,149 recid=1
indices=0,1,54,55,75,122,141,147,148 recid=1
indices=0,1,55,67,112,128,137,144,149 recid=0
indices=0,1,57,92,116,135,139,145,149 recid=1
indices=0,1,58,86,87,94,145,148,149 recid=1
indices=0,1,59,63,100,107,144,146,149 recid=0
indices=0,1,60,73,114,130,142,145,149 recid=1
indices=0,1,60,77,92,109,141,144,146 recid=0
indices=0,1,63,65,99,113,137,145,146 recid=0
indices=0,1,64,66,109,114,141,144,148 recid=0
indices=0,1,64,69,82,134,142,147,149 recid=0
indices=0,1,65,123,132,136,142,146,148 recid=1
indices=0,1,67,93,101,135,143,145,148 recid=1
indices=0,1,68,113,114,118,139,146,147 recid=1
indices=0,1,69,72,82,135,137,138,146 recid=0
indices=0,1,71,76,89,125,139,146,149 recid=1
indices=0,1,72,76,79,100,137,146,149 recid=1
indices=0,1,73,78,91,117,142,145,146 recid=0
indices=0,1,81,82,84,114,144,145,146 recid=0
indices=0,1,82,101,111,119,143,147,148 recid=1
indices=0,1,86,88,112,127,137,138,147 recid=1
indices=0,1,87,109,127,128,140,144,145 recid=1
indices=0,1,90,100,119,120,139,148,149 recid=0
indices=0,1,107,122,126,131,140,146,148 recid=1
indices=0,2,3,5,66,136,139,146,147 recid=0
indices=0,2,3,20,53,69,137,138,145 recid=1
indices=0,2,3,33,52,85,138,145,148 recid=0
indices=0,2,3,52,55,59,139,147,149 recid=1
indices=0,2,4,37,54,97,144,145,148 recid=1
indices=0,2,4,37,118,134,144,148,149 recid=1
indices=0,2,4,43,84,110,145,148,149 recid=1
indices=0,2,4,47,53,67,137,145,149 recid=0
indices=0,2,4,51,61,115,145,146,148 recid=0
indices=0,2,4,51,95,110,143,146,148 recid=1
indices=0,2,4,68,108,110,140,146,147 recid=0
indices=0,2,4,73,87,103,141,145,148 recid=1
indices=0,2,4,75,110,117,146,147,148 recid=1
indices=0,2,5,6,8,61,139,144,146 recid=1
indices=0,2,5,15,57,99,142,147,149 recid=0
indices=0,2,5,17,115,119,139,146,149 recid=0
indices=0,2,5,23,35,81,146,147,148 recid=1
indices=0,2,5,26,32,56,140,147,148 recid=0
indices=0,2,5,59,114,135,139,147,149 recid=1
indices=0,2,6,31,96,134,139,145,148 recid=0
indices=0,2,6,57,84,123,143,147,148 recid=0
indices=0,2,6,65,93,135,142,145,149 recid=0
indices=0,2,7,18,52,118,140,145,146 recid=1
indices=0,2,7,32,41,65,141,146,147 recid=0
indices=0,2,7,39,59,126,143,147,148 recid=1
indices=0,2,7,71,89,130,140,144,146 recid=0
indices=0,2,7,81,126,133,141,146,149 recid=1
indices=0,2,8,14,21,34,138,144,147 recid=0
indices=0,2,8,30,119,123,139,145,146 recid=1
indices=0,2,8,37,77,81,139,145,148 recid=0
indices=0,2,8,39,54,114,137,147,148 recid=0
indices=0,2,8,40,99,127,142,144,147 recid=1
indices=0,2,8,56,67,79,140,144,149 recid=0
indices=0,2,9,11,65,94,138,148,149 recid=1
indices=0,2,9,14,29,52,137,138,145 recid=1
indices=0,2,9,23,32,128,143,144,149 recid=1
indices=0,2,9,28,32,108,140,145,148 recid=1
indices=0,2,9,28,37,106,140,145,147 recid=0
indices=0,2,9,37,52,95,139,146,148 recid=1
indices=0,2,9,38,50,56,140,144,146 recid=1
indices=0,2,10,12,62,82,144,145,146 recid=0
indices=0,2,10,21,75,131,145,147,148 recid=1
indices=0,2,10,42,64,94,140,145,149 recid=1
indices=0,2,10,43,75,129,137,145,147 recid=0
indices=0,2,10,51,89,134,145,148,149 recid=0
indices=0,2,11,26,73,101,138,144,149 recid=1
indices=0,2,11,35,47,101,145,146,147 recid=1
indices=0,2,11,59,65,135,138,144,146 recid=1
indices=0,2,11,85,133,135,141,146,147 recid=0
indices=0,2,12,19,30,70,145,146,147 recid=1
indices=0,2,12,31,57,61,139,145,146 recid=0
indices=0,2,12,41,68,94,143,146,149 recid=1
indices=0,2,12,71,105,122,140,144,148 recid=0
indices=0,2,12,84,126,131,137,144,147 recid=0
indices=0,2,12,86,88,127,137,145,147 recid=1
indices=0,2,12,89,126,136,137,144,145 recid=0
indices=0,2,13,19,120,132,137,146,148 recid=0
indices=0,2,13,24,31,109,142,147,149 recid=1
indices=0,2,13,36,68,122,139,146,149 recid=0
indices=0,2,13,66,89,106,141,144,148 recid=1
indices=0,2,13,83,98,124,137,138,147 recid=1
indices=0,2,14,86,106,107,141,145,148 recid=1
indices=0,2,14,91,106,119,142,145,146 recid=1
indices=0,2,15,25,89,99,138,148,149 recid=1
indices=0,2,15,36,59,126,145,146,147 recid=0
indices=0,2,15,43,53,103,140,145,148 recid=0
indices=0,2,15,49,88,133,142,146,149 recid=0
indices=0,2,15,67,94,118,146,147,148 recid=0
indices=0,2,15,74,127,132,144,146,147 recid=0
indices=0,2,16,19,91,123,142,145,146 recid=1
indices=0,2,16,26,80,82,142,144,145 recid=0
indices=0,2,16,47,71,108,142,144,147 recid=0
indices=0,2,16,53,111,122,139,147,149 recid=1
indices=0,2,17,34,39,121,142,146,147 recid=1
indices=0,2,17,38,119,120,139,144,147 recid=0
indices=0,2,17,63,101,126,138,144,147 recid=0
indices=0,2,18,43,119,125,137,145,146 recid=1
indices=0,2,18,45,60,114,141,144,147 recid=1
indices=0,2,18,51,53,107,147,148,149 recid=1
indices=0,2,19,20,36,46,143,146,147 recid=1
indices=0,2,19,30,48,107,141,147,148 recid=0
indices=0,2,19,54,62,133,137,145,146 recid=0
indices=0,2,20,35,39,129,138,144,147 recid=1
indices=0,2,20,52,66,92,141,147,149 recid=1
indices=0,2,20,56,97,125,142,147,148 recid=0
indices=0,2,20,62,76,135,138,146,147 recid=0
indices=0,2,21,24,51,122,140,144,145 recid=0
indices=0,2,21,30,107,112,137,144,149 recid=0
indices=0,2,21,34,45,67,140,146,147 recid=0
indices=0,2,21,59,64,73,137,145,149 recid=0
indices=0,2,21,61,71,112,141,144,145 recid=1
indices=0,2,22,24,52,94,141,146,148 recid=0
indices=0,2,22,41,103,107,141,146,149 recid=1
indices=0,2,23,30,56,111,142,146,148 recid=1
indices=0,2,23,42,45,92,145,146,149 recid=0
indices=0,2,23,56,62,127,140,145,149 recid=1
indices=0,2,23,71,78,103,137,144,148 recid=0
indices=0,2,23,71,120,135,142,145,146 recid=0
indices=0,2,23,76,91,111,142,144,147 recid=0
indices=0,2,24,26,27,34,144,147,149 recid=1
indices=0,2,24,47,63,124,143,147,148 recid=1
indices=0,2,24,73,106,111,143,147,148 recid=0
indices=0,2,25,29,35,75,142,145,146 recid=1
indices=0,2,25,29,112,125,144,145,147 recid=0
indices=0,2,25,36,79,136,141,145,148 recid=0
indices=0,2,25,69,78,96,143,146,148 recid=0
indices=0,2,25,72,111,133,141,146,147 recid=0
indices=0,2,25,89,99,133,139,147,149 recid=0
indices=0,2,26,28,58,99,144,146,149 recid=0
indices=0,2,26,29,78,113,144,146,147 recid=0
indices=0,2,26,36,117,124,137,145,148 recid=0
indices=0,2,26,64,119,120,140,148,149 recid=1
indices=0,2,26,81,83,119,144,146,148 recid=0
indices=0,2,26,89,97,134,141,144,149 recid=1
indices=0,2,26,94,112,128,139,144,145 recid=1
indices=0,2,27,45,79,113,139,148,149 recid=0
indices=0,2,28,36,39,65,143,144,146 recid=1
indices=0,2,28,90,95,125,139,145,148 recid=0
indices=0,2,28,93,103,114,139,147,148 recid=1
indices=0,2,29,43,83,125,138,148,149 recid=1
indices=0,2,30,46,61,117,138,146,149 recid=1
indices=0,2,30,49,53,82,141,148,149 recid=0
indices=0,2,30,55,66,117,140,146,149 recid=1
indices=0,2,31,34,87,88,143,145,148 recid=0
indices=0,2,31,35,80,122,143,148,149 recid=0
indices=0,2,31,68,92,135,146,147,149 recid=1
indices=0,2,31,70,71,85,142,145,147 recid=0
indices=0,2,32,33,60,81,138,145,149 recid=1
indices=0,2,32,58,77,115,141,147,148 recid=0
indices=0,2,32,60,81,97,138,147,149 recid=0
indices=0,2,32,66,75,81,139,148,149 recid=0
indices=0,2,33,36,113,118,137,147,148 recid=0
indices=0,2,33,40,47,52,144,146,149 recid=1
indices=0,2,33,44,104,112,141,144,146 recid=1
indices=0,2,33,45,53,94,141,145,146 recid=1
indices=0,2,33,52,83,103,137,146,147 recid=1
indices=0,2,34,41,64,74,139,144,145 recid=1
indices=0,2,34,46,114,115,141,148,149 recid=1
indices=0,2,34,47,71,124,142,145,146 recid=0
indices=0,2,34,87,90,115,138,144,148 recid=1
indices=0,2,34,102,110,136,143,146,148 recid=1
indices=0,2,35,58,125,135,137,146,148 recid=0
indices=0,2,35,86,110,134,137,147,148 recid=1
indices=0,2,36,95,111,119,141,148,149 recid=1
indices=0,2,38,40,61,129,139,146,147 recid=1
indices=0,2,38,44,58,136,143,145,147 recid=1
indices=0,2,38,79,90,127,143,145,148 recid=1
indices=0,2,39,43,66,129,137,146,148 recid=0
indices=0,2,39,45,89,103,143,145,147 recid=1
indices=0,2,39,50,122,123,141,145,148 recid=0
indices=0,2,39,68,70,75,142,145,147 recid=1
indices=0,2,39,68,108,119,142,144,147 recid=0
indices=0,2,40,59,108,121,141,144,146 recid=1
indices=0,2,40,68,99,115,138,144,147 recid=0
indices=0,2,40,82,93,103,137,148,149 recid=1
indices=0,2,42,57,65,98,138,146,147 recid=1
indices=0,2,43,60,115,123,137,138,145 recid=1
indices=0,2,43,84,101,129,142,144,148 recid=1
indices=0,2,44,48,50,68,138,147,149 recid=0
indices=0,2,45,68,85,97,140,145,146 recid=1
indices=0,2,45,79,81,96,143,148,149 recid=0
indices=0,2,45,98,103,116,143,144,149 recid=1
indices=0,2,46,48,103,121,139,144,145 recid=0
indices=0,2,46,60,64,123,140,145,147 recid=0
indices=0,2,46,67,76,104,145,146,148 recid=0
indices=0,2,46,88,112,120,140,145,149 recid=1
indices=0,2,46,91,94,117,142,145,146 recid=0
indices=0,2,46,98,124,131,139,146,149 recid=0
indices=0,2,48,52,107,108,138,146,148 recid=0
indices=0,2,49,52,59,111,145,146,148 recid=0
indices=0,2,50,70,85,118,147,148,149 recid=0
indices=0,2,50,85,93,106,147,148,149 recid=1
indices=0,2,53,104,113,118,142,148,149 recid=1
indices=0,2,57,59,94,136,140,144,147 recid=1
indices=0,2,57,62,78,96,138,145,147 recid=1
indices=0,2,57,78,92,120,139,144,147 recid=0
indices=0,2,57,100,106,132,139,146,147 recid=0
indices=0,2,58,71,86,118,138,145,147 recid=0
indices=0,2,60,73,100,123,143,145,149 recid=0
indices=0,2,61,64,125,131,143,146,148 recid=1
indices=0,2,61,65,121,124,138,144,147 recid=0
indices=0,2,61,110,117,126,141,146,148 recid=1
indices=0,2,64,72,75,110,143,144,147 recid=0
indices=0,2,66,88,90,130,137,148,149 recid=0
indices=0,2,66,106,130,133,140,148,149 recid=0
indices=0,2,69,85,93,117,139,145,146 recid=1
indices=0,2,73,119,126,134,137,144,147 recid=0
indices=0,2,75,83,120,135,139,147,149 recid=1
indices=0,2,76,78,97,131,142,145,149 recid=0
indices=0,2,78,105,106,122,142,145,148 recid=0
indices=0,2,80,102,112,134,137,147,148 recid=0
indices=0,2,82,84,96,105,137,144,146 recid=1
indices=0,2,83,105,124,131,142,147,149 recid=0
indices=0,2,84,91,111,126,139,145,148 recid=1
indices=0,2,84,108,119,126,144,148,149 recid=0
indices=0,2,86,96,127,130,137,147,148 recid=1
indices=0,2,86,108,116,121,142,147,148 recid=1
indices=0,2,88,97,111,120,141,145,148 recid=1
indices=0,2,90,101,119,121,137,138,147 recid=0
indices=0,2,91,104,118,121,144,148,149 recid=0
indices=0,2,94,107,112,126,138,146,149 recid=0
indices=0,2,101,111,121,131,140,145,148 recid=1
indices=0,3,4,9,101,102,141,146,148 recid=1
indices=0,3,4,22,37,94,146,147,149 recid=1
indices=0,3,4,54,100,109,141,146,147 recid=0
indices=0,3,4,62,114,119,143,145,147 recid=0
indices=0,3,5,6,47,85,141,145,149 recid=0
indices=0,3,5,9,70,113,140,145,146 recid=1
indices=0,3,5,13,83,121,137,148,149 recid=1
indices=0,3,5,24,70,126,137,145,147 recid=1
indices=0,3,5,53,62,120,140,144,148 recid=0
indices=0,3,5,68,82,88,140,146,148 recid=0
indices=0,3,5,76,115,127,140,144,148 recid=0
indices=0,3,6,23,66,79,137,144,147 recid=0
indices=0,3,6,32,49,129,139,146,149 recid=1
indices=0,3,6,51,112,113,138,146,147 recid=0
indices=0,3,6,61,72,77,141,144,149 recid=1
indices=0,3,6,82,90,121,137,144,147 recid=0
indices=0,3,6,110,112,135,137,145,147 recid=1
indices=0,3,7,17,101,112,138,147,148 recid=0
indices=0,3,7,32,50,63,143,144,148 recid=0
indices=0,3,7,43,122,126,140,144,147 recid=1
indices=0,3,7,55,72,124,137,146,148 recid=1
indices=0,3,8,15,49,58,138,145,147 recid=0
indices=0,3,8,16,47,90,144,147,149 recid=1
indices=0,3,8,16,62,115,139,144,146 recid=0
indices=0,3,8,16,92,118,146,147,149 recid=1
indices=0,3,8,24,36,76,138,144,149 recid=1
indices=0,3,8,36,48,117,144,147,149 recid=0
indices=0,3,8,41,109,123,143,145,149 recid=0
indices=0,3,9,22,82,84,139,145,148 recid=0
indices=0,3,9,29,52,78,137,138,146 recid=1
indices=0,3,9,42,57,63,138,144,146 recid=1
indices=0,3,9,46,70,115,140,146,147 recid=0
indices=0,3,9,84,98,131,145,147,148 recid=0
indices=0,3,10,11,114,128,137,146,147 recid=1
indices=0,3,10,14,59,114,143,147,148 recid=0
indices=0,3,10,20,48,63,142,146,148 recid=0
indices=0,3,10,23,83,135,140,144,145 recid=1
indices=0,3,10,26,42,117,140,145,146 recid=1
indices=0,3,10,36,50,135,138,146,149 recid=0
indices=0,3,10,39,55,85,140,144,146 recid=0
indices=0,3,10,59,73,109,144,148,149 recid=0
indices=0,3,11,54,64,100,146,147,149 recid=1
indices=0,3,11,56,83,91,140,146,149 recid=1
indices=0,3,11,57,90,92,139,145,148 recid=1
indices=0,3,11,66,96,101,138,144,146 recid=1
indices=0,3,12,22,64,117,143,147,149 recid=0
indices=0,3,12,29,98,132,139,145,146 recid=0
indices=0,3,12,58,59,123,145,146,149 recid=0
indices=0,3,12,72,104,135,137,145,148 recid=0
indices=0,3,13,14,19,72,143,145,149 recid=1
indices=0,3,13,43,44,103,139,145,147 recid=1
indices=0,3,13,47,50,98,139,146,147 recid=0
indices=0,3,13,65,73,106,137,146,147 recid=0
indices=0,3,13,67,109,129,143,145,147 recid=1
indices=0,3,14,21,86,99,141,146,147 recid=0
indices=0,3,14,23,36,98,141,144,145 recid=0
indices=0,3,14,23,76,80,141,148,149 recid=1
indices=0,3,14,37,68,96,137,146,149 recid=1
indices=0,3,14,88,90,118,141,147,148 recid=1
indices=0,3,15,35,52,111,137,146,148 recid=0
indices=0,3,15,58,84,131,141,144,148 recid=0
indices=0,3,15,119,120,131,137,145,148 recid=1
indices=0,3,16,18,44,75,138,145,148 recid=0
indices=0,3,16,72,100,112,140,145,149 recid=1
indices=0,3,17,25,42,133,141,146,148 recid=0
indices=0,3,17,25,53,89,146,147,148 recid=0
indices=0,3,17,25,100,122,139,146,149 recid=1
indices=0,3,17,29,49,131,143,146,148 recid=1
indices=0,3,17,40,42,121,143,148,149 recid=0
indices=0,3,17,70,90,109,142,144,149 recid=1
indices=0,3,17,89,93,109,143,144,146 recid=0
indices=0,3,18,19,66,115,137,147,149 recid=1
indices=0,3,18,31,79,116,140,144,145 recid=1
indices=0,3,18,43,61,134,142,144,148 recid=1
indices=0,3,18,55,75,117,140,147,149 recid=1
indices=0,3,18,65,99,127,140,145,146 recid=1
indices=0,3,19,35,40,59,145,146,149 recid=1
indices=0,3,19,47,56,60,144,145,146 recid=0
indices=0,3,19,58,89,124,137,145,146 recid=1
indices=0,3,20,27,101,117,143,146,148 recid=0
indices=0,3,20,33,109,125,140,144,148 recid=0
indices=0,3,20,47,59,61,142,145,149 recid=1
indices=0,3,20,48,71,132,137,144,148 recid=0
indices=0,3,20,88,93,135,145,146,148 recid=1
indices=0,3,21,26,56,76,137,148,149 recid=0
indices=0,3,21,53,94,135,141,147,148 recid=1
indices=0,3,21,83,103,118,138,147,149 recid=0
indices=0,3,22,26,54,76,143,144,149 recid=1
indices=0,3,22,51,78,107,143,146,148 recid=0
indices=0,3,22,60,85,133,141,145,149 recid=0
indices=0,3,22,76,93,121,142,146,149 recid=0
indices=0,3,22,77,82,130,143,144,149 recid=0
indices=0,3,23,37,57,117,137,145,147 recid=1
indices=0,3,23,41,72,93,142,147,149 recid=1
indices=0,3,23,48,68,69,142,144,149 recid=0
indices=0,3,24,26,78,103,138,145,147 recid=0
indices=0,3,24,28,31,134,137,144,145 recid=0
indices=0,3,24,30,114,129,143,145,147 recid=0
indices=0,3,24,32,101,123,144,146,149 recid=0
indices=0,3,24,38,54,73,140,146,149 recid=1
indices=0,3,24,38,57,107,140,145,148 recid=1
indices=0,3,24,42,53,122,138,145,147 recid=0
indices=0,3,24,69,75,135,139,145,149 recid=1
indices=0,3,25,36,125,130,139,145,147 recid=1
indices=0,3,25,48,75,82,137,144,148 recid=0
indices=0,3,25,83,84,110,139,146,147 recid=1
indices=0,3,27,28,105,107,145,146,149 recid=1
indices=0,3,27,36,109,135,137,144,147 recid=1
indices=0,3,27,49,97,132,141,145,147 recid=1
indices=0,3,27,50,74,133,140,146,149 recid=0
indices=0,3,27,68,88,128,141,145,149 recid=1
indices=0,3,28,33,34,65,142,148,149 recid=0
indices=0,3,29,42,68,71,143,144,148 recid=0
indices=0,3,29,53,68,82,138,146,149 recid=1
indices=0,3,30,35,59,86,140,147,149 recid=1
indices=0,3,30,40,121,131,144,146,147 recid=0
indices=0,3,30,91,107,129,142,145,147 recid=0
indices=0,3,31,42,84,96,139,146,148 recid=1
indices=0,3,32,38,100,117,141,144,147 recid=0
indices=0,3,32,43,96,125,143,144,146 recid=0
indices=0,3,32,50,88,110,144,146,148 recid=1
indices=0,3,32,64,69,89,145,147,148 recid=0
indices=0,3,32,69,105,112,137,144,148 recid=1
indices=0,3,33,34,86,117,139,145,149 recid=0
indices=0,3,33,42,96,131,137,144,147 recid=1
indices=0,3,33,52,107,114,142,144,148 recid=0
indices=0,3,33,57,75,88,137,144,146 recid=0
indices=0,3,33,58,108,127,146,147,149 recid=0
indices=0,3,34,42,96,133,137,144,146 recid=1
indices=0,3,34,47,78,79,138,145,147 recid=0
indices=0,3,34,118,132,135,137,144,148 recid=1
indices=0,3,35,74,82,100,137,147,148 recid=0
indices=0,3,36,64,79,131,143,147,149 recid=1
indices=0,3,36,73,94,123,143,146,149 recid=1
indices=0,3,36,76,98,100,143,144,147 recid=0
indices=0,3,37,86,110,129,138,145,147 recid=1
indices=0,3,39,92,107,116,143,147,148 recid=0
indices=0,3,40,94,101,116,137,144,145 recid=0
indices=0,3,41,43,102,132,142,144,145 recid=0
indices=0,3,41,66,74,132,141,144,149 recid=0
indices=0,3,41,68,69,102,140,146,148 recid=1
indices=0,3,41,72,88,115,141,145,149 recid=1
indices=0,3,43,64,74,96,143,147,148 recid=1
indices=0,3,43,94,123,134,145,147,149 recid=0
indices=0,3,44,61,98,116,141,148,149 recid=0
indices=0,3,45,75,106,124,146,147,149 recid=0
indices=0,3,46,57,103,124,143,145,146 recid=1
indices=0,3,46,61,73,125,142,146,147 recid=1
indices=0,3,47,52,70,90,140,146,148 recid=1
indices=0,3,47,64,97,101,142,146,148 recid=1
indices=0,3,48,71,72,131,142,144,147 recid=1
indices=0,3,49,68,72,114,140,144,145 recid=0
indices=0,3,49,75,121,125,143,148,149 recid=1
indices=0,3,49,79,91,96,140,144,147 recid=0
indices=0,3,49,86,115,119,137,145,146 recid=1
indices=0,3,50,61,64,89,145,146,149 recid=0
indices=0,3,52,65,110,130,144,146,147 recid=0
indices=0,3,53,97,122,130,143,147,148 recid=1
indices=0,3,55,57,64,100,143,144,149 recid=0
indices=0,3,55,58,93,115,139,146,147 recid=1
indices=0,3,55,71,124,130,141,144,145 recid=1
indices=0,3,55,101,102,124,139,145,149 recid=1
indices=0,3,58,78,93,110,138,145,149 recid=1
indices=0,3,61,80,107,114,141,147,149 recid=1
indices=0,3,61,81,91,121,138,144,146 recid=1
indices=0,3,61,119,132,134,137,138,146 recid=0
indices=0,3,62,108,110,113,140,145,148 recid=0
indices=0,3,64,83,85,124,144,148,149 recid=1
indices=0,3,64,85,121,122,140,145,147 recid=0
indices=0,3,66,72,101,128,142,144,147 recid=0
indices=0,3,67,68,89,108,142,145,147 recid=0
indices=0,3,67,69,70,116,138,144,145 recid=1
indices=0,3,67,83,109,117,139,144,145 recid=1
indices=0,3,70,92,121,133,144,145,149 recid=0
indices=0,3,70,98,125,133,138,145,146 recid=0
indices=0,3,80,92,119,129,137,144,145 recid=1
indices=0,3,80,112,115,120,143,145,148 recid=1
indices=0,3,84,110,114,123,137,146,148 recid=1
indices=0,3,96,108,120,122,143,144,149 recid=0
indices=0,3,105,115,125,130,144,145,149 recid=0
indices=0,4,5,16,59,104,137,144,149 recid=0
indices=0,4,5,23,84,133,145,146,149 recid=0
indices=0,4,5,37,76,100,142,146,147 recid=0
indices=0,4,5,58,68,126,143,148,149 recid=1
indices=0,4,6,14,19,81,141,146,148 recid=0
indices=0,4,6,15,71,78,139,145,147 recid=1
indices=0,4,6,24,84,97,140,147,148 recid=0
indices=0,4,6,25,34,89,144,145,149 recid=1
indices=0,4,6,39,96,126,140,145,146 recid=0
indices=0,4,6,43,76,122,139,145,147 recid=1
indices=0,4,7,29,47,89,141,145,147 recid=1
indices=0,4,7,36,94,108,139,146,147 recid=1
indices=0,4,7,55,67,134,140,147,149 recid=0
indices=0,4,7,57,63,116,140,145,146 recid=1
indices=0,4,7,89,111,131,144,147,149 recid=1
indices=0,4,8,17,33,118,140,145,146 recid=1
indices=0,4,8,51,73,95,141,147,149 recid=0
indices=0,4,9,19,44,131,144,147,149 recid=0
indices=0,4,9,24,57,129,139,146,147 recid=0
indices=0,4,9,56,57,96,142,144,148 recid=0
indices=0,4,9,62,73,83,138,144,146 recid=1
indices=0,4,9,67,75,96,139,148,149 recid=0
indices=0,4,9,79,92,125,141,148,149 recid=1
indices=0,4,10,19,27,82,141,144,148 recid=1
indices=0,4,10,25,30,47,138,144,148 recid=0
indices=0,4,10,69,129,130,139,144,149 recid=0
indices=0,4,10,75,82,124,140,146,149 recid=1
indices=0,4,10,77,94,98,143,144,145 recid=0
indices=0,4,10,77,96,121,138,147,148 recid=0
indices=0,4,10,86,118,121,143,146,147 recid=0
indices=0,4,11,17,47,110,138,148,149 recid=1
indices=0,4,11,34,108,136,139,145,149 recid=0
indices=0,4,11,83,121,135,139,144,148 recid=0
indices=0,4,12,26,37,70,143,144,147 recid=1
indices=0,4,12,76,83,105,144,147,148 recid=1
indices=0,4,13,14,99,101,139,146,149 recid=0
indices=0,4,13,26,87,104,142,146,147 recid=1
indices=0,4,13,27,67,97,137,138,147 recid=0
indices=0,4,13,31,48,115,142,147,149 recid=1
indices=0,4,13,32,50,109,138,146,148 recid=0
indices=0,4,13,43,52,67,141,145,146 recid=0
indices=0,4,13,43,106,111,137,145,148 recid=1
indices=0,4,13,76,101,107,141,144,148 recid=1
indices=0,4,13,80,99,126,139,146,148 recid=0
indices=0,4,13,86,104,127,138,145,148 recid=0
indices=0,4,13,91,99,122,143,148,149 recid=1
indices=0,4,14,50,52,125,141,144,148 recid=0
indices=0,4,14,56,101,124,141,144,148 recid=1
indices=0,4,14,99,115,128,144,146,147 recid=1
indices=0,4,15,16,58,88,137,146,148 recid=0
indices=0,4,15,20,98,99,140,146,148 recid=0
indices=0,4,15,45,86,120,140,147,149 recid=1
indices=0,4,15,48,88,134,140,144,148 recid=1
indices=0,4,16,34,37,44,139,144,147 recid=1
indices=0,4,16,49,76,127,137,144,145 recid=1
indices=0,4,16,55,89,107,140,145,146 recid=1
indices=0,4,16,60,90,107,141,144,149 recid=1
indices=0,4,17,26,71,85,138,147,148 recid=1
indices=0,4,17,27,59,65,140,147,148 recid=1
indices=0,4,17,28,42,98,138,145,146 recid=0
indices=0,4,17,33,52,125,142,145,146 recid=1
indices=0,4,17,34,66,129,141,144,148 recid=0
indices=0,4,19,26,33,87,138,146,149 recid=1
indices=0,4,19,45,79,122,137,147,148 recid=0
indices=0,4,19,53,63,104,140,145,148 recid=1
indices=0,4,19,68,74,120,142,144,148 recid=1
indices=0,4,20,54,82,124,140,144,148 recid=1
indices=0,4,20,76,104,128,139,144,148 recid=0
indices=0,4,21,45,74,101,137,147,148 recid=1
indices=0,4,21,69,80,131,140,145,147 recid=0
indices=0,4,21,83,116,135,140,148,149 recid=0
indices=0,4,21,92,118,126,143,146,148 recid=0
indices=0,4,22,32,66,85,141,146,149 recid=0
indices=0,4,22,32,92,102,143,147,149 recid=1
indices=0,4,22,54,86,95,139,144,147 recid=1
indices=0,4,23,50,64,100,143,145,147 recid=0
indices=0,4,23,66,73,92,137,138,145 recid=1
indices=0,4,23,76,85,96,142,145,147 recid=1
indices=0,4,24,33,47,102,139,144,147 recid=0
indices=0,4,24,57,69,111,144,145,149 recid=1
indices=0,4,24,83,88,108,144,145,147 recid=0
indices=0,4,25,40,59,90,145,147,149 recid=0
indices=0,4,25,44,70,99,146,148,149 recid=0
indices=0,4,25,62,87,134,140,148,149 recid=1
indices=0,4,26,54,86,98,141,144,148 recid=1
indices=0,4,28,30,110,118,137,148,149 recid=0
indices=0,4,28,33,73,90,137,148,149 recid=0
indices=0,4,28,37,93,136,143,145,147 recid=1
indices=0,4,28,47,63,135,139,145,147 recid=1
indices=0,4,28,73,84,89,137,146,147 recid=1
indices=0,4,29,30,39,46,142,148,149 recid=0
indices=0,4,29,31,32,44,137,145,147 recid=0
indices=0,4,29,36,121,136,141,145,149 recid=1
indices=0,4,29,38,49,59,137,147,148 recid=1
indices=0,4,29,40,43,101,143,145,146 recid=0
indices=0,4,29,48,79,103,143,146,149 recid=1
indices=0,4,29,60,66,71,145,146,147 recid=0
indices=0,4,30,32,37,89,146,147,148 recid=0
indices=0,4,31,41,114,135,137,145,147 recid=1
indices=0,4,31,71,89,103,141,146,148 recid=1
indices=0,4,31,73,83,103,138,145,146 recid=1
indices=0,4,32,70,123,125,141,145,147 recid=1
indices=0,4,33,40,122,135,143,145,146 recid=0
indices=0,4,33,42,85,119,140,146,147 recid=0
indices=0,4,33,45,127,133,138,145,148 recid=0
indices=0,4,33,46,86,112,142,144,146 recid=1
indices=0,4,33,63,119,125,139,145,146 recid=1
indices=0,4,34,71,128,135,139,146,149 recid=1
indices=0,4,34,102,111,123,141,144,149 recid=1
indices=0,4,35,37,64,133,144,148,149 recid=0
indices=0,4,35,41,92,102,140,144,148 recid=1
indices=0,4,35,64,88,117,142,145,148 recid=0
indices=0,4,35,66,89,128,143,146,149 recid=1
indices=0,4,35,67,82,85,137,145,146 recid=1
indices=0,4,36,64,75,96,137,148,149 recid=1
indices=0,4,37,40,66,130,137,147,148 recid=0
indices=0,4,38,43,99,119,139,148,149 recid=0
indices=0,4,38,78,79,131,139,146,148 recid=0
indices=0,4,38,92,99,135,143,144,148 recid=1
indices=0,4,39,43,92,96,142,146,149 recid=1
indices=0,4,39,45,74,129,139,145,149 recid=0
indices=0,4,39,53,62,130,147,148,149 recid=1
indices=0,4,39,64,115,117,140,144,145 recid=0
indices=0,4,39,70,72,78,139,144,145 recid=1
indices=0,4,39,110,115,120,137,145,146 recid=0
indices=0,4,41,64,113,115,141,146,149 recid=0
indices=0,4,41,65,80,121,141,145,147 recid=0
indices=0,4,41,84,109,111,139,147,148 recid=1
indices=0,4,42,47,81,94,141,147,148 recid=0
indices=0,4,42,62,78,117,140,147,148 recid=0
indices=0,4,42,66,69,130,137,147,148 recid=0
indices=0,4,43,64,101,106,137,144,145 recid=0
indices=0,4,44,63,80,113,137,146,148 recid=1
indices=0,4,44,81,88,130,137,146,147 recid=0
indices=0,4,45,55,75,110,139,144,146 recid=0
indices=0,4,45,56,113,125,141,146,148 recid=1
indices=0,4,45,62,84,125,139,148,149 recid=0
indices=0,4,45,85,87,109,140,148,149 recid=0
indices=0,4,46,58,71,79,139,145,146 recid=1
indices=0,4,46,74,113,131,141,144,146 recid=1
indices=0,4,47,48,105,132,138,146,148 recid=1
indices=0,4,47,52,74,100,139,146,147 recid=0
indices=0,4,47,54,74,87,138,145,147 recid=1
indices=0,4,47,57,64,75,145,147,148 recid=0
indices=0,4,47,75,101,129,137,147,148 recid=0
indices=0,4,48,49,92,114,139,145,149 recid=1
indices=0,4,48,50,71,119,141,145,146 recid=0
indices=0,4,48,57,130,131,142,144,149 recid=1
indices=0,4,48,92,112,116,141,144,149 recid=1
indices=0,4,49,51,69,97,145,147,149 recid=1
indices=0,4,49,76,88,101,141,146,148 recid=1
indices=0,4,49,100,110,120,138,145,149 recid=0
indices=0,4,49,116,120,127,144,148,149 recid=1
indices=0,4,50,51,88,127,144,145,149 recid=0
indices=0,4,50,58,102,122,139,144,147 recid=0
indices=0,4,50,77,92,131,141,145,147 recid=1
indices=0,4,51,53,108,129,138,144,145 recid=1
indices=0,4,52,73,108,130,137,145,148 recid=0
indices=0,4,53,96,113,131,139,147,149 recid=1
indices=0,4,53,125,129,136,143,148,149 recid=0
indices=0,4,55,73,78,125,145,147,149 recid=0
indices=0,4,55,90,92,93,143,144,147 recid=0
indices=0,4,59,72,96,97,144,147,148 recid=0
indices=0,4,59,109,115,132,138,145,148 recid=1
indices=0,4,60,63,90,128,146,147,149 recid=1
indices=0,4,61,81,101,130,137,144,148 recid=0
indices=0,4,62,85,115,117,139,146,149 recid=0
indices=0,4,63,67,104,124,142,145,148 recid=0
indices=0,4,63,81,118,132,138,148,149 recid=1
indices=0,4,63,88,100,111,138,146,148 recid=1
indices=0,4,65,71,84,113,139,144,146 recid=0
indices=0,4,65,74,77,127,146,147,148 recid=0
indices=0,4,65,94,113,127,142,147,149 recid=0
indices=0,4,66,69,91,105,141,144,148 recid=0
indices=0,4,66,96,97,116,140,144,145 recid=1
indices=0,4,68,73,112,113,143,144,145 recid=1
indices=0,4,69,74,93,129,140,145,148 recid=0
indices=0,4,69,78,83,115,140,147,148 recid=1
indices=0,4,70,105,113,133,138,146,147 recid=1
indices=0,4,71,86,88,101,138,145,146 recid=0
indices=0,4,74,82,87,98,137,144,145 recid=0
indices=0,4,76,78,94,97,140,145,149 recid=0
indices=0,4,77,86,105,107,140,147,148 recid=1
indices=0,4,78,85,91,92,139,144,149 recid=0
indices=0,4,78,97,115,135,144,148,149 recid=0
indices=0,4,78,108,116,121,138,144,146 recid=1
indices=0,4,80,86,90,124,145,146,147 recid=0
indices=0,4,82,93,127,135,137,146,148 recid=0
indices=0,4,82,111,121,129,137,147,148 recid=0
indices=0,4,83,88,89,90,143,144,145 recid=1
indices=0,4,83,99,102,131,142,144,149 recid=0
indices=0,4,83,125,132,135,138,144,147 recid=0
indices=0,4,87,94,114,129,140,148,149 recid=0
indices=0,4,91,111,131,134,143,148,149 recid=1
indices=0,4,100,113,119,130,137,145,146 recid=1
indices=0,4,103,106,129,133,142,144,145 recid=0
indices=0,5,6,16,40,123,140,145,146 recid=0
indices=0,5,6,66,79,122,140,146,149 recid=1
indices=0,5,7,23,29,73,137,138,147 recid=1
indices=0,5,7,45,58,96,142,144,149 recid=0
indices=0,5,8,11,23,70,143,146,149 recid=1
indices=0,5,8,75,92,125,144,148,149 recid=1
indices=0,5,9,24,105,120,139,148,149 recid=0
indices=0,5,9,26,91,100,141,147,148 recid=0
indices=0,5,9,61,93,131,142,146,149 recid=0
indices=0,5,9,73,88,93,139,146,149 recid=1
indices=0,5,9,84,104,135,139,147,149 recid=1
indices=0,5,10,31,45,78,138,146,147 recid=1
indices=0,5,10,33,65,84,145,146,147 recid=0
indices=0,5,10,35,48,127,140,145,149 recid=1
indices=0,5,10,47,113,136,140,146,148 recid=1
indices=0,5,11,18,37,117,141,144,149 recid=1
indices=0,5,11,25,131,135,140,145,146 recid=1
indices=0,5,11,26,52,116,141,144,149 recid=1
indices=0,5,11,32,91,136,142,144,148 recid=0
indices=0,5,11,45,53,102,142,146,149 recid=0
indices=0,5,11,51,84,101,137,145,146 recid=0
indices=0,5,11,59,104,107,141,144,145 recid=0
indices=0,5,11,68,77,88,141,148,149 recid=1
indices=0,5,12,22,68,106,141,147,149 recid=1
indices=0,5,12,25,49,122,143,145,149 recid=1
indices=0,5,12,26,57,89,139,144,149 recid=0
indices=0,5,12,43,46,102,142,144,149 recid=0
indices=0,5,12,44,65,127,144,146,147 recid=1
indices=0,5,12,73,100,105,141,144,148 recid=0
indices=0,5,13,32,51,96,137,148,149 recid=0
indices=0,5,13,37,112,115,139,146,147 recid=0
indices=0,5,13,52,66,73,143,145,146 recid=1
indices=0,5,13,62,108,118,141,144,146 recid=0
indices=0,5,13,62,109,124,141,146,147 recid=1
indices=0,5,14,19,33,71,137,144,148 recid=0
indices=0,5,14,23,71,96,143,146,148 recid=1
indices=0,5,14,32,33,72,137,144,146 recid=0
indices=0,5,14,40,58,81,140,145,148 recid=1
indices=0,5,14,40,62,122,137,138,146 recid=0
indices=0,5,14,54,66,107,137,144,149 recid=1
indices=0,5,14,97,102,132,142,147,149 recid=0
indices=0,5,15,19,107,112,142,144,149 recid=1
indices=0,5,15,52,85,87,144,146,148 recid=0
indices=0,5,15,56,90,92,143,145,149 recid=1
indices=0,5,15,60,86,104,138,146,148 recid=0
indices=0,5,15,78,101,120,140,146,147 recid=1
indices=0,5,16,17,99,132,145,147,149 recid=1
indices=0,5,16,18,44,127,141,148,149 recid=0
indices=0,5,16,21,96,132,138,144,145 recid=0
indices=0,5,16,23,84,106,140,145,146 recid=0
indices=0,5,16,28,114,122,144,147,148 recid=1
indices=0,5,16,30,88,128,140,146,147 recid=1
indices=0,5,16,35,42,101,141,147,148 recid=1
indices=0,5,16,44,65,80,140,146,147 recid=0
indices=0,5,16,55,63,74,139,145,148 recid=1
indices=0,5,16,62,64,84,144,147,148 recid=1
indices=0,5,16,81,103,130,137,144,145 recid=0
indices=0,5,17,18,22,117,137,147,149 recid=0
indices=0,5,17,25,63,85,140,147,149 recid=0
indices=0,5,17,25,114,129,138,145,147 recid=1
indices=0,5,17,42,114,135,142,144,147 recid=0
indices=0,5,17,85,112,134,142,147,149 recid=0
indices=0,5,17,103,112,113,140,144,147 recid=1
indices=0,5,18,23,62,63,143,145,146 recid=0
indices=0,5,18,37,86,90,145,147,149 recid=0
indices=0,5,18,68,70,130,142,145,147 recid=1
indices=0,5,19,29,99,122,141,146,149 recid=0
indices=0,5,19,71,78,120,137,138,145 recid=1
indices=0,5,20,21,74,89,137,138,147 recid=1
indices=0,5,20,24,66,89,142,145,148 recid=1
indices=0,5,20,67,114,131,137,145,149 recid=1
indices=0,5,21,27,72,84,144,145,147 recid=0
indices=0,5,21,52,96,126,142,146,148 recid=0
indices=0,5,21,71,74,92,144,146,147 recid=0
indices=0,5,22,38,71,84,144,145,148 recid=1
indices=0,5,22,60,103,106,144,147,148 recid=1
indices=0,5,22,78,99,113,143,146,149 recid=0
indices=0,5,23,55,90,135,142,145,146 recid=1
indices=0,5,23,91,93,133,144,145,149 recid=0
indices=0,5,24,27,110,122,137,144,145 recid=0
indices=0,5,24,32,89,96,139,146,148 recid=0
indices=0,5,25,27,109,134,138,145,146 recid=1
indices=0,5,25,65,93,119,137,145,146 recid=1
indices=0,5,25,89,90,129,139,144,145 recid=0
indices=0,5,25,96,97,124,139,146,149 recid=1
indices=0,5,27,36,48,79,141,145,148 recid=1
indices=0,5,28,77,113,136,143,144,149 recid=0
indices=0,5,29,82,115,128,143,144,149 recid=0
indices=0,5,29,98,106,123,143,144,149 recid=0
indices=0,5,30,55,61,101,139,147,148 recid=0
indices=0,5,30,103,118,121,145,146,148 recid=1
indices=0,5,31,45,79,104,141,145,147 recid=0
indices=0,5,31,48,75,102,138,144,145 recid=0
indices=0,5,31,54,81,111,141,144,149 recid=0
indices=0,5,32,33,94,97,137,144,147 recid=0
indices=0,5,32,53,68,117,143,146,148 recid=0
indices=0,5,32,53,94,108,142,144,149 recid=1
indices=0,5,32,84,116,125,141,147,148 recid=0
indices=0,5,33,34,55,92,143,146,148 recid=1
indices=0,5,33,38,71,77,138,146,147 recid=1
indices=0,5,33,41,57,63,137,144,147 recid=0
indices=0,5,33,46,47,81,137,147,148 recid=0
indices=0,5,34,36,98,117,140,144,147 recid=0
indices=0,5,34,39,43,99,141,147,149 recid=1
indices=0,5,34,53,104,120,145,146,148 recid=1
indices=0,5,34,59,62,85,138,145,146 recid=0
indices=0,5,34,72,83,108,142,145,147 recid=0
indices=0,5,35,65,111,127,138,144,146 recid=1
indices=0,5,35,65,113,118,139,147,149 recid=0
indices=0,5,35,90,104,121,142,145,146 recid=1
indices=0,5,36,52,83,86,146,148,149 recid=0
indices=0,5,36,60,70,107,137,145,146 recid=0
indices=0,5,36,64,82,116,140,144,148 recid=0
indices=0,5,36,65,84,85,141,144,146 recid=1
indices=0,5,36,87,110,124,138,148,149 recid=1
indices=0,5,36,102,117,127,137,148,149 recid=0
indices=0,5,37,43,91,117,140,147,148 recid=0
indices=0,5,37,59,67,113,144,148,149 recid=0
indices=0,5,37,60,93,111,142,145,149 recid=1
indices=0,5,37,65,66,108,140,145,147 recid=1
indices=0,5,37,81,99,126,144,145,146 recid=1
indices=0,5,38,42,77,80,141,144,148 recid=1
indices=0,5,38,59,60,73,141,147,149 recid=0
indices=0,5,38,67,90,126,142,144,145 recid=1
indices=0,5,39,43,105,134,144,146,149 recid=0
indices=0,5,39,69,92,135,139,145,148 recid=0
indices=0,5,39,77,109,114,143,144,149 recid=1
indices=0,5,39,113,119,121,146,147,149 recid=1
indices=0,5,40,83,105,110,140,145,148 recid=0
indices=0,5,41,49,70,84,143,144,148 recid=0
indices=0,5,41,58,89,112,140,145,147 recid=1
indices=0,5,42,70,95,103,140,144,148 recid=1
indices=0,5,43,69,108,118,139,144,149 recid=0
indices=0,5,43,101,108,111,137,144,145 recid=0
indices=0,5,44,47,69,114,142,147,149 recid=0
indices=0,5,44,102,114,119,141,145,148 recid=1
indices=0,5,45,79,81,113,142,145,146 recid=0
indices=0,5,46,65,85,106,146,148,149 recid=1
indices=0,5,47,55,72,111,146,147,148 recid=0
indices=0,5,47,63,82,125,139,146,147 recid=0
indices=0,5,48,72,110,114,137,146,148 recid=0
indices=0,5,49,58,92,116,140,147,148 recid=0
indices=0,5,49,79,82,136,142,145,146 recid=1
indices=0,5,51,65,115,132,138,145,146 recid=1
indices=0,5,51,82,90,100,140,145,149 recid=0
indices=0,5,52,65,72,134,141,144,145 recid=0
indices=0,5,52,91,102,115,140,148,149 recid=0
indices=0,5,53,94,102,129,144,148,149 recid=1
indices=0,5,53,99,104,118,142,145,147 recid=1
indices=0,5,54,68,108,119,142,144,149 recid=0
indices=0,5,55,79,92,127,141,145,146 recid=0
indices=0,5,55,79,94,132,137,145,147 recid=1
indices=0,5,56,126,129,131,138,144,147 recid=0
indices=0,5,57,68,84,118,139,145,149 recid=1
indices=0,5,57,73,133,134,145,146,149 recid=0
indices=0,5,58,70,120,134,144,145,146 recid=1
indices=0,5,60,78,112,136,137,145,147 recid=0
indices=0,5,60,97,116,132,140,144,148 recid=0
indices=0,5,61,70,81,98,139,144,146 recid=1
indices=0,5,62,77,99,129,142,144,145 recid=0
indices=0,5,62,78,102,129,137,145,149 recid=1
indices=0,5,63,73,94,132,139,146,147 recid=0
indices=0,5,67,79,108,122,140,146,147 recid=1
indices=0,5,73,76,104,131,141,146,149 recid=1
indices=0,5,73,88,112,120,142,146,147 recid=1
indices=0,5,73,92,113,130,138,148,149 recid=1
indices=0,5,75,92,98,102,140,144,147 recid=1
indices=0,5,77,83,114,127,142,145,148 recid=1
indices=0,5,80,97,101,113,143,146,147 recid=1
indices=0,5,87,98,113,131,139,145,149 recid=1
indices=0,5,88,91,94,124,145,146,147 recid=0
indices=0,5,92,107,108,113,138,144,149 recid=1
indices=0,5,96,99,120,122,138,144,145 recid=0
indices=0,5,99,100,122,123,144,145,148 recid=0
indices=0,5,104,108,117,118,139,148,149 recid=1
indices=0,5,105,109,120,134,143,145,149 recid=0
indices=0,6,7,14,15,120,140,144,148 recid=0
indices=0,6,8,18,95,124,145,147,148 recid=1
indices=0,6,8,30,127,131,144,147,148 recid=0
indices=0,6,9,12,20,131,140,144,148 recid=0
indices=0,6,9,12,72,77,138,145,148 recid=0
indices=0,6,9,13,15,39,137,146,147 recid=1
indices=0,6,9,19,94,122,146,148,149 recid=0
indices=0,6,9,44,96,124,144,145,146 recid=1
indices=0,6,9,48,83,93,143,144,145 recid=0
indices=0,6,9,59,75,96,140,144,149 recid=0
indices=0,6,9,86,95,96,137,138,145 recid=0
indices=0,6,10,36,59,94,143,144,145 recid=1
indices=0,6,10,42,43,107,138,144,146 recid=0
indices=0,6,10,54,111,136,139,144,145 recid=1
indices=0,6,10,68,86,125,140,144,147 recid=1
indices=0,6,11,12,83,130,142,144,147 recid=0
indices=0,6,11,14,49,89,139,147,149 recid=0
indices=0,6,11,15,37,75,144,147,149 recid=0
indices=0,6,11,15,54,86,142,144,147 recid=0
indices=0,6,11,21,32,36,138,146,149 recid=0
indices=0,6,11,28,61,70,144,146,148 recid=0
indices=0,6,11,37,52,129,142,145,146 recid=1
indices=0,6,11,46,65,78,140,144,149 recid=1
indices=0,6,11,52,77,131,141,144,146 recid=1
indices=0,6,11,90,92,121,137,144,149 recid=1
indices=0,6,12,13,31,57,144,145,148 recid=0
indices=0,6,12,13,95,117,147,148,149 recid=1
indices=0,6,12,22,25,108,140,147,148 recid=0
indices=0,6,12,24,68,126,145,147,149 recid=0
indices=0,6,12,35,93,123,138,147,148 recid=1
indices=0,6,12,53,65,127,139,144,147 recid=1
indices=0,6,13,18,73,89,144,146,149 recid=1
indices=0,6,13,76,127,132,142,144,145 recid=1
indices=0,6,14,15,28,78,142,147,149 recid=1
indices=0,6,14,19,51,66,143,145,149 recid=0
indices=0,6,14,21,22,100,142,147,148 recid=1
indices=0,6,14,24,45,122,145,146,147 recid=0
indices=0,6,14,36,72,122,141,145,148 recid=1
indices=0,6,14,39,50,97,139,144,146 recid=1
indices=0,6,14,67,105,121,144,146,148 recid=1
indices=0,6,15,16,28,39,138,145,149 recid=0
indices=0,6,15,18,46,47,137,147,148 recid=0
indices=0,6,15,29,46,107,143,148,149 recid=1
indices=0,6,16,41,104,115,139,145,148 recid=0
indices=0,6,16,62,85,136,141,147,148 recid=0
indices=0,6,17,33,53,86,137,145,146 recid=1
indices=0,6,17,36,97,126,142,144,146 recid=0
indices=0,6,17,81,91,121,137,145,148 recid=0
indices=0,6,18,45,46,119,137,148,149 recid=1
indices=0,6,18,67,73,126,141,145,149 recid=0
indices=0,6,18,73,74,77,144,145,148 recid=1
indices=0,6,18,86,98,133,142,147,148 recid=0
indices=0,6,18,100,125,130,137,145,149 recid=0
indices=0,6,19,22,75,123,143,144,147 recid=1
indices=0,6,19,32,70,134,142,146,147 recid=0
indices=0,6,19,121,122,127,140,148,149 recid=0
indices=0,6,20,21,48,75,139,144,148 recid=0
indices=0,6,20,57,102,112,140,146,149 recid=1
indices=0,6,21,38,116,128,143,147,148 recid=1
indices=0,6,21,89,95,99,143,144,147 recid=0
indices=0,6,22,26,50,69,140,145,149 recid=0
indices=0,6,22,43,57,130,137,144,145 recid=1
indices=0,6,22,81,92,105,138,144,146 recid=1
indices=0,6,23,33,62,104,145,146,149 recid=1
indices=0,6,23,89,112,125,137,144,148 recid=1
indices=0,6,24,45,46,87,137,144,146 recid=0
indices=0,6,24,60,61,87,137,148,149 recid=0
indices=0,6,24,69,105,111,139,144,145 recid=0
indices=0,6,24,70,80,83,138,145,146 recid=1
indices=0,6,25,28,36,83,143,144,148 recid=1
indices=0,6,25,45,94,96,143,145,146 recid=0
indices=0,6,26,32,99,101,142,144,146 recid=0
indices=0,6,26,45,108,121,140,144,148 recid=1
indices=0,6,27,36,89,94,139,147,148 recid=0
indices=0,6,28,49,98,111,139,144,149 recid=0
indices=0,6,28,98,122,127,139,148,149 recid=0
indices=0,6,29,37,47,95,137,144,145 recid=0
indices=0,6,29,44,50,81,143,144,149 recid=0
indices=0,6,29,55,60,117,137,144,147 recid=0
indices=0,6,30,39,115,121,137,144,146 recid=0
indices=0,6,30,52,104,115,139,144,146 recid=1
indices=0,6,30,57,95,109,141,145,149 recid=1
indices=0,6,31,46,107,136,141,146,149 recid=1
indices=0,6,31,53,101,135,142,144,149 recid=0
indices=0,6,31,56,91,117,139,146,148 recid=1
indices=0,6,32,39,119,131,142,146,148 recid=1
indices=0,6,32,45,88,111,140,145,146 recid=1
indices=0,6,32,59,63,104,140,145,146 recid=1
indices=0,6,32,68,106,131,141,144,146 recid=1
indices=0,6,33,42,91,119,137,144,146 recid=0
indices=0,6,33,58,93,135,137,144,148 recid=1
indices=0,6,34,40,60,128,138,146,148 recid=1
indices=0,6,34,53,57,72,138,144,147 recid=1
indices=0,6,34,72,108,111,140,146,148 recid=0
indices=0,6,35,39,106,109,137,145,146 recid=1
indices=0,6,36,43,49,58,143,145,146 recid=1
indices=0,6,36,58,82,127,137,145,148 recid=1
indices=0,6,36,117,131,133,141,146,148 recid=1
indices=0,6,37,61,71,95,142,144,149 recid=1
indices=0,6,37,67,88,126,144,146,147 recid=1
indices=0,6,38,42,68,98,143,146,148 recid=1
indices=0,6,38,86,101,118,140,145,149 recid=0
indices=0,6,40,45,51,97,142,148,149 recid=1
indices=0,6,40,45,81,122,141,145,147 recid=0
indices=0,6,40,47,91,125,139,144,149 recid=1
indices=0,6,40,51,94,114,144,147,148 recid=1
indices=0,6,40,53,93,135,139,144,148 recid=0
indices=0,6,40,94,127,130,142,144,148 recid=1
indices=0,6,41,52,62,102,141,147,148 recid=1
indices=0,6,41,68,80,81,141,146,149 recid=1
indices=0,6,41,72,82,105,141,144,147 recid=0
indices=0,6,42,52,61,98,140,145,146 recid=0
indices=0,6,42,71,77,106,137,138,145 recid=0
indices=0,6,43,45,82,136,142,147,148 recid=0
indices=0,6,43,59,64,66,139,144,147 recid=0
indices=0,6,44,60,103,126,145,146,147 recid=1
indices=0,6,44,63,97,108,140,144,145 recid=0
indices=0,6,44,65,99,114,143,146,147 recid=1
indices=0,6,44,79,81,95,137,146,148 recid=0
indices=0,6,45,50,120,121,142,146,149 recid=0
indices=0,6,45,52,62,83,146,147,149 recid=1
indices=0,6,45,62,104,117,138,144,146 recid=1
indices=0,6,45,71,98,107,140,145,148 recid=0
indices=0,6,45,76,122,133,142,145,147 recid=1
indices=0,6,46,67,102,134,138,145,146 recid=0
indices=0,6,46,99,124,128,144,145,146 recid=0
indices=0,6,47,48,89,90,142,144,145 recid=0
indices=0,6,47,63,114,130,138,144,146 recid=1
indices=0,6,47,69,101,131,140,144,147 recid=0
indices=0,6,47,70,81,102,144,147,149 recid=0
indices=0,6,47,74,118,131,137,146,148 recid=1
indices=0,6,48,121,125,127,139,145,148 recid=1
indices=0,6,49,55,69,117,141,145,146 recid=1
indices=0,6,49,56,121,122,143,146,147 recid=1
indices=0,6,51,57,84,110,141,146,148 recid=1
indices=0,6,53,58,66,70,140,144,148 recid=0
indices=0,6,53,62,101,121,139,144,148 recid=1
indices=0,6,54,59,66,127,143,146,148 recid=0
indices=0,6,54,86,94,113,145,147,148 recid=1
indices=0,6,55,75,83,109,137,146,149 recid=1
indices=0,6,55,77,122,135,137,138,147 recid=0
indices=0,6,55,102,111,113,138,148,149 recid=0
indices=0,6,57,62,68,91,139,145,146 recid=0
indices=0,6,57,62,76,122,143,144,147 recid=1
indices=0,6,57,84,99,135,139,144,149 recid=0
indices=0,6,58,62,106,113,139,144,145 recid=0
indices=0,6,58,73,81,103,144,145,149 recid=1
indices=0,6,58,82,85,136,141,147,149 recid=1
indices=0,6,61,71,109,111,146,148,149 recid=0
indices=0,6,62,66,87,101,141,147,148 recid=0
indices=0,6,62,82,101,123,138,144,148 recid=0
indices=0,6,62,96,103,113,144,146,148 recid=1
indices=0,6,64,70,75,105,143,147,149 recid=1
indices=0,6,64,84,99,129,142,144,146 recid=1
indices=0,6,65,91,97,136,137,144,148 recid=0
indices=0,6,67,68,82,112,141,144,149 recid=1
indices=0,6,68,80,93,117,142,145,148 recid=0
indices=0,6,71,87,126,132,145,146,147 recid=1
indices=0,6,74,98,103,133,143,147,149 recid=1
indices=0,6,75,77,96,116,143,145,149 recid=1
indices=0,6,77,97,104,129,144,146,147 recid=0
indices=0,6,80,89,112,123,142,144,146 recid=1
indices=0,6,84,88,101,130,138,147,148 recid=1
indices=0,6,91,97,105,109,141,145,147 recid=1
indices=0,6,97,105,121,126,137,146,148 recid=0
indices=0,6,104,113,125,128,140,148,149 recid=0
indices=0,7,8,12,37,109,137,145,148 recid=0
indices=0,7,8,13,79,120,137,144,149 recid=1
indices=0,7,8,19,27,133,145,147,149 recid=0
indices=0,7,8,19,36,91,145,147,148 recid=1
indices=0,7,8,27,43,48,139,145,148 recid=1
indices=0,7,8,29,36,106,137,146,149 recid=1
indices=0,7,8,31,61,64,140,144,147 recid=1
indices=0,7,8,33,109,117,139,145,149 recid=1
indices=0,7,8,39,60,128,142,145,148 recid=0
indices=0,7,8,39,119,127,138,145,149 recid=1
indices=0,7,8,41,56,66,144,146,147 recid=0
indices=0,7,9,28,79,124,139,145,147 recid=1
indices=0,7,9,36,88,136,139,144,146 recid=1
indices=0,7,9,55,77,80,137,144,147 recid=1
indices=0,7,9,59,78,106,140,145,146 recid=0
indices=0,7,9,86,88,119,139,144,148 recid=1
indices=0,7,10,20,47,100,143,144,145 recid=0
indices=0,7,10,27,34,126,139,144,149 recid=1
indices=0,7,10,70,112,128,142,145,146 recid=1
indices=0,7,11,12,41,63,137,138,147 recid=0
indices=0,7,11,22,97,129,141,146,148 recid=1
indices=0,7,11,30,48,109,138,144,149 recid=0
indices=0,7,11,40,74,99,145,146,148 recid=1
indices=0,7,11,40,92,103,141,148,149 recid=1
indices=0,7,11,76,118,132,145,147,149 recid=1
indices=0,7,12,15,21,82,141,144,145 recid=1
indices=0,7,12,15,86,114,141,147,149 recid=1
indices=0,7,12,18,64,120,142,144,148 recid=1
indices=0,7,12,26,72,130,140,144,148 recid=1
indices=0,7,12,30,45,107,139,145,147 recid=0
indices=0,7,12,41,57,115,144,147,149 recid=1
indices=0,7,12,54,100,104,146,147,149 recid=1
indices=0,7,12,102,111,122,141,146,148 recid=0
indices=0,7,13,31,49,65,142,146,147 recid=0
indices=0,7,13,37,100,116,142,144,149 recid=1
indices=0,7,13,40,74,132,139,144,146 recid=1
indices=0,7,13,64,94,112,142,145,146 recid=0
indices=0,7,13,68,84,133,143,145,147 recid=1
indices=0,7,14,25,115,129,144,146,148 recid=0
indices=0,7,14,33,65,98,145,147,148 recid=0
indices=0,7,15,17,52,117,140,148,149 recid=1
indices=0,7,15,33,42,126,139,145,148 recid=0
indices=0,7,15,33,39,136,142,147,148 recid=1
indices=0,7,15,33,65,75,140,145,147 recid=0
indices=0,7,15,35,69,117,142,148,149 recid=0
indices=0,7,15,41,47,51,137,147,148 recid=0
indices=0,7,15,58,115,126,137,145,148 recid=0
indices=0,7,15,59,98,112,141,144,149 recid=0
indices=0,7,17,28,100,113,139,144,147 recid=0
indices=0,7,17,29,30,115,143,144,146 recid=0
indices=0,7,17,29,30,109,142,145,146 recid=1
indices=0,7,17,33,80,113,143,145,149 recid=1
indices=0,7,17,49,74,94,144,145,147 recid=0
indices=0,7,18,23,95,136,140,144,147 recid=0
indices=0,7,18,24,40,107,143,144,148 recid=1
indices=0,7,18,31,33,119,140,144,147 recid=1
indices=0,7,18,46,89,111,139,145,149 recid=1
indices=0,7,18,56,102,116,137,147,149 recid=0
indices=0,7,18,81,111,120,142,144,146 recid=0
indices=0,7,18,88,95,127,143,145,149 recid=1
indices=0,7,18,89,102,108,141,144,147 recid=0
indices=0,7,19,27,32,78,141,146,149 recid=1
indices=0,7,19,30,41,76,143,144,147 recid=1
indices=0,7,19,33,92,120,139,147,149 recid=0
indices=0,7,19,36,77,111,139,145,146 recid=1
indices=0,7,19,38,54,117,137,138,147 recid=0
indices=0,7,20,31,85,118,142,145,147 recid=0
indices=0,7,20,37,66,94,137,146,149 recid=1
indices=0,7,20,37,129,131,138,146,147 recid=1
indices=0,7,20,41,106,115,142,144,147 recid=1
indices=0,7,20,49,78,98,142,145,147 recid=1
indices=0,7,20,86,108,123,142,147,148 recid=0
indices=0,7,21,40,48,83,141,145,148 recid=1
indices=0,7,21,51,58,112,142,144,147 recid=1
indices=0,7,21,60,85,95,137,145,149 recid=1
indices=0,7,22,23,48,98,138,145,147 recid=1
indices=0,7,22,28,34,100,139,144,146 recid=0
indices=0,7,23,24,38,91,137,145,146 recid=1
indices=0,7,23,37,40,43,140,146,148 recid=0
indices=0,7,23,48,80,117,140,148,149 recid=0
indices=0,7,24,26,43,67,142,144,147 recid=1
indices=0,7,24,28,109,111,147,148,149 recid=1
indices=0,7,24,39,59,81,144,145,149 recid=1
indices=0,7,24,46,53,76,141,147,149 recid=0
indices=0,7,24,68,120,125,143,144,149 recid=1
indices=0,7,24,105,126,131,144,145,146 recid=1
indices=0,7,25,59,68,122,139,145,149 recid=0
indices=0,7,25,61,92,103,146,147,149 recid=0
indices=0,7,25,65,66,89,140,144,146 recid=0
indices=0,7,25,71,90,110,141,144,147 recid=1
indices=0,7,26,31,101,130,141,144,149 recid=1
indices=0,7,26,33,58,61,143,145,149 recid=0
indices=0,7,27,29,41,136,143,144,147 recid=0
indices=0,7,27,39,46,127,143,144,147 recid=1
indices=0,7,27,103,110,122,143,147,148 recid=0
indices=0,7,28,40,53,63,147,148,149 recid=1
indices=0,7,28,106,115,121,142,147,149 recid=1
indices=0,7,29,46,74,113,144,146,148 recid=0
indices=0,7,29,56,97,115,137,146,147 recid=1
indices=0,7,29,107,118,124,140,146,148 recid=1
indices=0,7,30,49,106,108,145,148,149 recid=1
indices=0,7,30,50,98,135,137,145,147 recid=1
indices=0,7,30,52,57,63,143,145,149 recid=1
indices=0,7,30,57,82,109,137,147,149 recid=0
indices=0,7,30,74,120,124,140,145,147 recid=1
indices=0,7,32,37,94,109,145,146,149 recid=1
indices=0,7,32,47,77,85,137,145,146 recid=1
indices=0,7,33,39,51,59,138,144,146 recid=0
indices=0,7,34,46,62,76,139,147,149 recid=0
indices=0,7,34,55,68,110,142,145,148 recid=1
indices=0,7,34,55,87,113,137,146,148 recid=0
indices=0,7,34,75,96,98,141,146,147 recid=0
indices=0,7,35,38,39,119,139,146,148 recid=1
indices=0,7,35,89,100,122,139,146,149 recid=1
indices=0,7,36,39,102,113,137,138,146 recid=1
indices=0,7,36,64,67,117,143,146,147 recid=0
indices=0,7,37,56,81,124,139,146,147 recid=1
indices=0,7,37,95,103,130,139,144,145 recid=1
indices=0,7,37,115,121,126,140,144,146 recid=0
indices=0,7,38,46,109,125,137,138,147 recid=1
indices=0,7,38,98,113,117,143,146,149 recid=1
indices=0,7,38,101,116,129,138,148,149 recid=0
indices=0,7,39,47,103,116,138,144,146 recid=0
indices=0,7,39,79,109,124,137,138,145 recid=0
indices=0,7,40,51,122,135,137,146,149 recid=0
indices=0,7,40,112,115,134,140,144,149 recid=1
indices=0,7,42,46,121,123,144,146,147 recid=1
indices=0,7,42,53,101,110,140,146,147 recid=1
indices=0,7,42,56,66,125,141,144,147 recid=1
indices=0,7,44,59,83,88,137,138,145 recid=1
indices=0,7,45,60,111,116,140,145,149 recid=1
indices=0,7,45,69,121,132,143,145,147 recid=0
indices=0,7,45,95,98,104,144,148,149 recid=0
indices=0,7,48,64,71,122,138,144,145 recid=0
indices=0,7,48,72,104,127,140,144,146 recid=0
indices=0,7,48,93,96,101,143,147,149 recid=1
indices=0,7,49,68,120,128,137,148,149 recid=0
indices=0,7,49,87,90,119,137,138,147 recid=0
indices=0,7,49,91,106,109,144,145,146 recid=1
indices=0,7,50,78,91,109,137,145,146 recid=0
indices=0,7,51,56,102,105,140,145,146 recid=0
indices=0,7,51,78,91,93,137,146,147 recid=0
indices=0,7,53,60,74,131,144,145,146 recid=0
indices=0,7,53,69,98,113,142,147,149 recid=1
indices=0,7,53,71,80,123,138,145,149 recid=1
indices=0,7,53,103,124,125,138,147,149 recid=0
indices=0,7,54,103,105,107,140,144,148 recid=1
indices=0,7,55,88,105,131,137,148,149 recid=0
indices=0,7,57,67,123,134,143,147,149 recid=0
indices=0,7,57,77,94,108,142,144,145 recid=0
indices=0,7,57,80,93,99,141,148,149 recid=0
indices=0,7,57,98,100,121,138,145,147 recid=0
indices=0,7,58,61,70,101,138,144,147 recid=0
indices=0,7,58,63,119,136,138,144,149 recid=0
indices=0,7,58,65,68,88,144,146,149 recid=1
indices=0,7,58,69,80,88,138,147,148 recid=1
indices=0,7,59,78,87,112,140,146,147 recid=0
indices=0,7,62,65,70,99,144,146,147 recid=1
indices=0,7,62,88,89,96,147,148,149 recid=0
indices=0,7,65,70,97,104,145,147,148 recid=1
indices=0,7,65,82,103,108,140,144,148 recid=0
indices=0,7,65,85,130,136,143,146,149 recid=0
indices=0,7,67,83,96,101,139,147,148 recid=0
indices=0,7,67,86,120,127,142,144,145 recid=0
indices=0,7,69,82,107,134,141,145,146 recid=0
indices=0,7,69,84,106,115,139,144,145 recid=1
indices=0,7,69,84,110,114,142,145,149 recid=1
indices=0,7,70,86,97,107,142,146,149 recid=1
indices=0,7,71,90,102,110,139,147,148 recid=0
indices=0,7,72,92,111,115,143,144,145 recid=1
indices=0,7,73,82,87,107,137,146,147 recid=1
indices=0,7,78,80,82,97,137,144,145 recid=0
indices=0,7,84,98,125,135,143,147,148 recid=0
indices=0,7,88,89,105,122,142,145,146 recid=0
indices=0,7,89,108,116,119,141,144,147 recid=0
indices=0,8,9,32,46,99,142,146,147 recid=1
indices=0,8,9,32,48,133,137,145,146 recid=1
indices=0,8,9,57,70,108,140,145,146 recid=1
indices=0,8,10,15,17,56,144,148,149 recid=0
indices=0,8,10,33,61,90,138,146,147 recid=1
indices=0,8,10,38,62,109,143,144,146 recid=0
indices=0,8,10,88,117,128,144,145,149 recid=1
indices=0,8,11,15,40,43,137,144,146 recid=0
indices=0,8,11,17,69,108,140,144,148 recid=1
indices=0,8,11,19,36,105,139,148,149 recid=0
indices=0,8,11,45,108,121,137,146,149 recid=0
indices=0,8,11,47,83,90,141,146,148 recid=0
indices=0,8,12,34,112,126,145,147,148 recid=1
indices=0,8,12,47,55,126,142,145,149 recid=1
indices=0,8,12,56,75,104,141,144,147 recid=1
indices=0,8,13,20,91,103,143,145,146 recid=1
indices=0,8,13,24,36,109,144,147,148 recid=1
indices=0,8,13,58,107,126,138,147,149 recid=0
indices=0,8,13,62,67,112,142,144,149 recid=0
indices=0,8,13,68,108,135,139,144,148 recid=0
indices=0,8,14,16,22,85,139,145,149 recid=1
indices=0,8,14,17,32,98,137,144,147 recid=1
indices=0,8,14,21,87,101,138,148,149 recid=0
indices=0,8,14,22,23,95,140,144,149 recid=0
indices=0,8,14,41,48,86,138,145,147 recid=0
indices=0,8,14,54,88,112,142,145,148 recid=1
indices=0,8,15,42,61,125,141,144,146 recid=1
indices=0,8,15,47,65,120,142,145,146 recid=0
indices=0,8,15,51,78,129,144,145,148 recid=1
indices=0,8,15,79,88,100,142,144,146 recid=0
indices=0,8,15,82,87,121,138,144,149 recid=1
indices=0,8,15,87,110,114,143,146,148 recid=0
indices=0,8,16,18,67,92,142,144,147 recid=1
indices=0,8,16,32,68,113,143,146,149 recid=1
indices=0,8,16,54,59,115,140,146,147 recid=1
indices=0,8,16,59,64,86,139,147,148 recid=1
indices=0,8,16,91,100,119,137,147,148 recid=1
indices=0,8,16,97,124,132,137,144,149 recid=0
indices=0,8,17,23,68,110,143,147,148 recid=0
indices=0,8,17,31,95,134,141,146,149 recid=0
indices=0,8,17,36,99,129,143,145,148 recid=1
indices=0,8,17,38,98,125,139,148,149 recid=1
indices=0,8,17,89,125,133,138,145,147 recid=1
indices=0,8,18,50,63,132,143,146,147 recid=1
indices=0,8,18,97,101,120,138,146,147 recid=0
indices=0,8,19,22,32,35,140,147,149 recid=1
indices=0,8,19,24,66,123,143,147,148 recid=0
indices=0,8,19,30,43,132,139,144,148 recid=1
indices=0,8,19,33,92,116,141,146,148 recid=0
indices=0,8,19,44,105,136,142,144,145 recid=0
indices=0,8,19,47,78,80,138,146,148 recid=0
indices=0,8,19,59,73,130,140,144,148 recid=1
indices=0,8,19,74,83,100,143,145,149 recid=1
indices=0,8,19,98,123,129,143,147,149 recid=1
indices=0,8,20,48,58,133,143,145,149 recid=0
indices=0,8,20,56,100,104,146,148,149 recid=0
indices=0,8,20,77,108,112,138,144,145 recid=1
indices=0,8,21,32,123,126,139,145,148 recid=0
indices=0,8,21,83,87,90,137,138,147 recid=1
indices=0,8,22,27,46,103,137,144,145 recid=0
indices=0,8,22,34,76,84,146,147,148 recid=0
indices=0,8,22,35,41,121,143,144,145 recid=1
indices=0,8,22,52,111,119,139,145,148 recid=1
indices=0,8,22,83,133,136,138,147,148 recid=1
indices=0,8,23,28,63,100,138,145,146 recid=0
indices=0,8,23,35,64,95,145,148,149 recid=1
indices=0,8,23,74,100,110,141,146,148 recid=1
indices=0,8,24,26,49,66,137,138,147 recid=1
indices=0,8,24,35,66,129,142,144,148 recid=0
indices=0,8,24,41,68,98,140,147,149 recid=0
indices=0,8,24,54,73,112,145,146,148 recid=1
indices=0,8,24,96,128,130,143,146,147 recid=0
indices=0,8,24,97,101,109,147,148,149 recid=0
indices=0,8,25,27,112,119,144,147,148 recid=1
indices=0,8,25,29,46,86,138,145,146 recid=0
indices=0,8,25,36,105,112,140,147,149 recid=0
indices=0,8,25,38,41,126,138,144,148 recid=1
indices=0,8,25,60,85,101,140,144,147 recid=1
indices=0,8,25,77,80,123,138,146,149 recid=1
indices=0,8,25,81,129,131,142,144,149 recid=0
indices=0,8,25,112,134,135,137,146,149 recid=0
indices=0,8,26,49,90,106,137,145,148 recid=0
indices=0,8,26,79,125,134,142,146,147 recid=1
indices=0,8,27,47,85,104,145,147,148 recid=0
indices=0,8,27,51,63,79,141,147,149 recid=1
indices=0,8,27,54,80,101,138,144,145 recid=1
indices=0,8,28,29,59,116,137,138,147 recid=0
indices=0,8,28,50,126,134,142,146,147 recid=0
indices=0,8,28,57,87,105,142,146,148 recid=1
indices=0,8,28,75,107,123,140,146,148 recid=0
indices=0,8,30,46,89,115,137,144,149 recid=0
indices=0,8,31,32,82,135,142,145,148 recid=1
indices=0,8,31,35,69,120,144,145,149 recid=0
indices=0,8,31,61,114,131,138,144,145 recid=0
indices=0,8,31,94,97,108,137,147,148 recid=1
indices=0,8,32,62,90,95,138,146,147 recid=0
indices=0,8,32,67,70,110,142,147,148 recid=0
indices=0,8,33,47,95,128,137,138,145 recid=1
indices=0,8,33,48,92,102,144,145,148 recid=1
indices=0,8,33,49,90,121,141,145,147 recid=0
indices=0,8,33,53,99,122,143,145,147 recid=0
indices=0,8,33,63,93,119,142,145,146 recid=1
indices=0,8,34,55,67,107,139,145,147 recid=0
indices=0,8,34,58,81,82,142,144,145 recid=1
indices=0,8,35,61,107,120,140,144,145 recid=0
indices=0,8,36,60,105,110,142,146,148 recid=1
indices=0,8,36,66,80,118,139,146,149 recid=0
indices=0,8,37,41,42,66,137,147,149 recid=1
indices=0,8,37,61,67,112,137,144,149 recid=1
indices=0,8,38,49,116,129,138,144,149 recid=1
indices=0,8,38,54,56,120,143,145,147 recid=1
indices=0,8,38,57,127,132,145,147,148 recid=0
indices=0,8,38,71,80,106,144,146,147 recid=0
indices=0,8,39,42,46,129,142,145,146 recid=0
indices=0,8,40,47,115,132,141,144,145 recid=0
indices=0,8,40,71,94,100,142,146,147 recid=1
indices=0,8,41,46,112,113,139,146,147 recid=1
indices=0,8,41,49,73,105,137,146,148 recid=0
indices=0,8,41,71,79,89,140,144,146 recid=1
indices=0,8,43,71,112,136,140,144,149 recid=1
indices=0,8,44,51,91,136,141,145,148 recid=1
indices=0,8,44,51,99,124,138,145,147 recid=1
indices=0,8,44,89,100,107,143,147,148 recid=1
indices=0,8,45,48,100,132,142,144,147 recid=0
indices=0,8,45,49,94,123,139,144,145 recid=1
indices=0,8,45,58,117,127,143,144,149 recid=0
indices=0,8,46,54,94,121,147,148,149 recid=0
indices=0,8,46,67,93,107,147,148,149 recid=1
indices=0,8,47,50,70,72,142,147,149 recid=1
indices=0,8,47,66,89,118,139,147,148 recid=0
indices=0,8,47,77,94,106,141,146,147 recid=1
indices=0,8,48,91,93,132,137,144,145 recid=0
indices=0,8,49,60,62,130,143,144,146 recid=1
indices=0,8,51,52,62,132,143,144,145 recid=0
indices=0,8,51,73,81,128,142,144,148 recid=1
indices=0,8,51,86,115,120,140,147,148 recid=0
indices=0,8,51,95,97,115,143,144,149 recid=1
indices=0,8,53,66,112,123,139,145,148 recid=1
indices=0,8,53,87,112,114,142,144,147 recid=1
indices=0,8,54,81,108,117,142,144,148 recid=1
indices=0,8,54,101,112,119,146,148,149 recid=1
indices=0,8,55,59,75,111,140,145,149 recid=0
indices=0,8,55,74,89,126,138,144,149 recid=0
indices=0,8,56,86,97,121,139,147,149 recid=0
indices=0,8,56,91,105,107,137,147,148 recid=0
indices=0,8,57,69,106,131,144,147,148 recid=0
indices=0,8,58,75,87,106,139,144,145 recid=0
indices=0,8,58,97,99,105,145,147,149 recid=1
indices=0,8,59,118,127,133,137,147,148 recid=0
indices=0,8,60,66,108,117,139,146,147 recid=1
indices=0,8,61,66,72,133,144,148,149 recid=0
indices=0,8,61,90,92,130,138,144,146 recid=0
indices=0,8,62,106,115,123,137,146,147 recid=0
indices=0,8,63,64,99,123,144,145,146 recid=1
indices=0,8,63,82,94,125,146,147,148 recid=0
indices=0,8,63,91,119,129,141,145,149 recid=1
indices=0,8,65,93,101,118,139,145,148 recid=0
indices=0,8,66,87,111,122,138,144,148 recid=1
indices=0,8,67,71,115,130,146,147,148 recid=1
indices=0,8,67,82,114,132,143,144,148 recid=1
indices=0,8,70,86,93,129,141,147,149 recid=1
indices=0,8,74,94,105,122,143,145,148 recid=0
indices=0,8,79,83,104,125,141,147,148 recid=1
indices=0,8,80,91,96,104,138,145,148 recid=0
indices=0,8,89,98,106,133,146,148,149 recid=1
indices=0,8,91,106,110,120,137,144,149 recid=0
indices=0,8,96,97,120,124,141,145,146 recid=0
indices=0,8,102,104,123,134,140,147,149 recid=0
indices=0,9,10,20,27,129,138,148,149 recid=1
indices=0,9,10,81,83,129,141,146,149 recid=1
indices=0,9,11,26,39,53,139,144,149 recid=1
indices=0,9,11,28,77,111,143,144,147 recid=0
indices=0,9,11,44,52,115,138,144,148 recid=1
indices=0,9,11,63,97,124,143,145,147 recid=0
indices=0,9,11,86,105,119,143,145,147 recid=1
indices=0,9,11,92,93,134,141,147,148 recid=0
indices=0,9,12,18,43,85,139,144,146 recid=1
indices=0,9,12,27,30,123,140,148,149 recid=1
indices=0,9,12,38,49,80,140,145,146 recid=1
indices=0,9,12,50,76,114,137,138,145 recid=0
indices=0,9,12,61,64,100,138,145,147 recid=0
indices=0,9,13,27,56,66,139,144,149 recid=1
indices=0,9,13,35,36,69,141,147,149 recid=1
indices=0,9,13,39,117,126,144,147,149 recid=1
indices=0,9,13,42,85,94,142,146,149 recid=1
indices=0,9,13,47,110,111,138,145,149 recid=0
indices=0,9,13,66,99,114,143,144,146 recid=1
indices=0,9,13,74,77,95,140,146,149 recid=1
indices=0,9,13,83,114,122,142,144,145 recid=0
indices=0,9,13,90,93,95,138,146,149 recid=1
indices=0,9,14,37,62,95,143,144,148 recid=1
indices=0,9,14,40,60,123,146,147,149 recid=1
indices=0,9,14,42,118,134,138,145,149 recid=0
indices=0,9,14,50,74,92,139,146,149 recid=0
indices=0,9,15,26,59,130,140,145,146 recid=0
indices=0,9,15,107,119,126,139,148,149 recid=1
indices=0,9,16,35,71,86,143,147,149 recid=1
indices=0,9,16,40,65,131,143,145,146 recid=1
indices=0,9,16,45,79,91,143,145,148 recid=1
indices=0,9,16,64,68,116,139,148,149 recid=1
indices=0,9,16,75,108,135,143,146,148 recid=1
indices=0,9,17,19,78,82,146,147,149 recid=1
indices=0,9,17,20,39,134,139,146,148 recid=1
indices=0,9,17,27,75,98,141,145,147 recid=1
indices=0,9,17,43,46,88,140,145,146 recid=1
indices=0,9,17,55,80,127,144,146,147 recid=1
indices=0,9,18,22,39,70,140,146,147 recid=0
indices=0,9,19,22,112,135,137,138,145 recid=1
indices=0,9,19,35,73,104,138,144,149 recid=0
indices=0,9,19,51,98,134,141,144,146 recid=0
indices=0,9,19,54,61,91,139,145,149 recid=1
indices=0,9,20,35,71,124,142,144,147 recid=1
indices=0,9,20,35,86,95,142,148,149 recid=0
indices=0,9,21,26,96,119,141,146,147 recid=1
indices=0,9,21,44,67,113,138,146,147 recid=0
indices=0,9,21,44,93,117,137,144,147 recid=0
indices=0,9,21,57,82,99,141,145,146 recid=1
indices=0,9,21,75,76,135,142,145,146 recid=0
indices=0,9,21,91,99,132,138,144,145 recid=1
indices=0,9,22,30,98,118,139,146,148 recid=0
indices=0,9,22,51,72,76,144,146,148 recid=1
indices=0,9,22,54,63,96,139,145,147 recid=1
indices=0,9,22,64,84,126,144,146,149 recid=1
indices=0,9,22,95,105,131,140,147,149 recid=1
indices=0,9,22,106,109,112,138,144,146 recid=0
indices=0,9,23,28,29,134,143,144,147 recid=0
indices=0,9,23,33,82,107,140,147,149 recid=0
indices=0,9,23,34,55,97,142,145,149 recid=0
indices=0,9,23,38,72,91,145,146,147 recid=0
indices=0,9,23,40,62,80,137,146,147 recid=1
indices=0,9,23,78,87,111,138,145,146 recid=1
indices=0,9,23,91,110,112,140,144,146 recid=1
indices=0,9,24,33,35,43,137,144,147 recid=0
indices=0,9,24,53,70,118,137,138,145 recid=0
indices=0,9,24,71,96,106,139,146,149 recid=1
indices=0,9,24,76,120,130,137,147,148 recid=0
indices=0,9,25,67,118,125,138,146,147 recid=0
indices=0,9,25,79,92,113,138,147,148 recid=1
indices=0,9,25,80,85,104,138,145,149 recid=1
indices=0,9,25,98,101,116,141,146,148 recid=0
indices=0,9,26,31,89,112,138,144,145 recid=0
indices=0,9,26,35,130,136,143,145,149 recid=0
indices=0,9,26,40,48,62,138,146,147 recid=0
indices=0,9,26,48,70,116,146,148,149 recid=1
indices=0,9,26,57,104,118,145,146,147 recid=0
indices=0,9,27,70,83,132,137,144,146 recid=0
indices=0,9,28,30,42,80,137,145,146 recid=1
indices=0,9,28,35,49,74,137,144,145 recid=0
indices=0,9,28,49,73,110,138,144,146 recid=0
indices=0,9,28,64,74,88,144,147,149 recid=1
indices=0,9,28,70,96,113,142,147,149 recid=0
indices=0,9,28,78,99,104,143,145,148 recid=1
indices=0,9,28,117,119,122,141,146,149 recid=1
indices=0,9,29,64,122,131,144,146,148 recid=0
indices=0,9,29,82,84,118,142,148,149 recid=1
indices=0,9,30,50,80,86,140,144,148 recid=0
indices=0,9,30,53,74,97,146,147,148 recid=0
indices=0,9,30,54,78,84,140,145,146 recid=0
indices=0,9,30,64,83,118,140,144,148 recid=0
indices=0,9,30,66,99,135,145,147,149 recid=0
indices=0,9,32,34,92,118,143,144,149 recid=1
indices=0,9,32,37,47,83,138,147,148 recid=1
indices=0,9,33,37,69,119,138,147,148 recid=0
indices=0,9,33,66,107,111,138,145,149 recid=0
indices=0,9,33,99,108,130,143,146,149 recid=0
indices=0,9,34,38,97,98,137,138,146 recid=1
indices=0,9,34,58,90,132,142,147,148 recid=1
indices=0,9,35,69,102,111,143,146,147 recid=0
indices=0,9,35,99,117,130,141,144,149 recid=0
indices=0,9,36,45,61,66,140,146,148 recid=0
indices=0,9,37,43,56,86,140,145,146 recid=1
indices=0,9,37,48,58,126,142,144,149 recid=0
indices=0,9,37,68,90,119,139,144,146 recid=0
indices=0,9,37,88,102,128,142,144,149 recid=0
indices=0,9,37,98,99,122,137,138,147 recid=0
indices=0,9,38,39,89,104,140,144,145 recid=0
indices=0,9,38,45,99,123,140,144,147 recid=1
indices=0,9,38,50,57,129,140,147,149 recid=1
indices=0,9,38,55,81,96,143,144,145 recid=0
indices=0,9,38,72,82,111,137,138,146 recid=1
indices=0,9,39,41,77,88,145,146,148 recid=1
indices=0,9,39,42,45,96,144,146,148 recid=0
indices=0,9,39,46,54,136,141,145,147 recid=1
indices=0,9,39,47,51,103,139,144,145 recid=1
indices=0,9,39,75,83,105,137,144,149 recid=0
indices=0,9,40,61,104,118,143,144,145 recid=0
indices=0,9,41,44,49,124,141,145,147 recid=0
indices=0,9,41,57,70,105,142,145,148 recid=1
indices=0,9,41,57,106,130,137,138,146 recid=0
indices=0,9,41,63,87,104,142,144,149 recid=1
indices=0,9,43,47,87,119,140,144,146 recid=1
indices=0,9,43,49,123,132,141,145,148 recid=1
indices=0,9,43,67,68,82,138,145,147 recid=1
indices=0,9,43,95,99,108,137,146,148 recid=0
indices=0,9,44,72,107,130,142,147,149 recid=0
indices=0,9,48,53,105,112,143,144,149 recid=0
indices=0,9,49,51,91,101,139,146,148 recid=1
indices=0,9,49,57,68,114,142,145,146 recid=1
indices=0,9,49,57,103,106,138,144,146 recid=1
indices=0,9,49,61,63,113,145,147,148 recid=0
indices=0,9,49,72,120,129,141,148,149 recid=1
indices=0,9,50,52,63,135,146,147,148 recid=1
indices=0,9,50,72,87,107,142,147,149 recid=1
indices=0,9,51,65,71,92,138,144,145 recid=0
indices=0,9,51,82,90,92,137,145,149 recid=1
indices=0,9,51,85,90,134,140,144,148 recid=0
indices=0,9,53,55,59,98,142,145,148 recid=0
indices=0,9,53,57,61,119,137,138,147 recid=0
indices=0,9,53,64,75,131,143,145,147 recid=1
indices=0,9,53,84,101,132,139,144,145 recid=0
indices=0,9,54,55,64,116,137,147,148 recid=1
indices=0,9,54,71,119,130,142,145,147 recid=1
indices=0,9,55,79,90,134,142,146,148 recid=0
indices=0,9,55,92,102,109,140,145,146 recid=0
indices=0,9,56,62,102,116,142,144,149 recid=1
indices=0,9,57,59,82,114,143,144,146 recid=1
indices=0,9,57,69,94,127,137,144,147 recid=1
indices=0,9,57,72,115,128,138,145,147 recid=1
indices=0,9,57,105,125,129,139,144,147 recid=1
indices=0,9,59,61,85,134,140,144,145 recid=1
indices=0,9,59,71,78,136,142,145,149 recid=0
indices=0,9,59,94,99,125,137,145,147 recid=0
indices=0,9,60,66,74,105,140,145,146 recid=0
indices=0,9,60,73,99,100,137,145,146 recid=1
indices=0,9,60,79,103,111,138,147,148 recid=0
indices=0,9,60,107,114,127,137,148,149 recid=1
indices=0,9,65,79,85,134,138,145,146 recid=1
indices=0,9,67,71,95,117,139,147,148 recid=0
indices=0,9,69,83,127,134,138,145,149 recid=0
indices=0,9,70,71,85,97,137,144,147 recid=0
indices=0,9,70,114,124,126,142,147,148 recid=1
indices=0,9,71,91,119,131,139,146,149 recid=0
indices=0,9,72,74,75,88,143,146,147 recid=0
indices=0,9,73,74,106,126,138,147,149 recid=1
indices=0,9,73,112,121,130,140,145,148 recid=1
indices=0,9,75,101,109,131,139,146,148 recid=1
indices=0,9,77,82,90,120,138,148,149 recid=0
indices=0,9,84,94,113,136,138,145,149 recid=1
indices=0,9,88,98,114,121,143,145,149 recid=0
indices=0,9,100,103,106,114,140,145,146 recid=1
indices=0,10,11,13,51,62,138,144,145 recid=1
indices=0,10,11,18,23,24,139,144,147 recid=0
indices=0,10,11,23,36,123,137,144,147 recid=0
indices=0,10,11,29,90,98,140,144,145 recid=1
indices=0,10,11,30,86,96,139,145,147 recid=0
indices=0,10,11,41,58,69,144,146,148 recid=1
indices=0,10,11,42,104,130,137,145,149 recid=1
indices=0,10,11,52,85,93,141,144,145 recid=1
indices=0,10,11,97,101,104,140,145,149 recid=1
indices=0,10,12,23,86,116,137,138,145 recid=0
indices=0,10,12,44,46,82,139,145,147 recid=1
indices=0,10,12,51,99,122,140,145,149 recid=1
indices=0,10,12,77,126,135,141,145,146 recid=0
indices=0,10,13,19,64,81,137,144,145 recid=0
indices=0,10,13,28,47,65,139,146,147 recid=0
indices=0,10,13,33,47,98,146,147,148 recid=0
indices=0,10,13,34,52,100,138,147,149 recid=0
indices=0,10,15,16,46,82,145,147,148 recid=1
indices=0,10,15,18,69,95,139,144,148 recid=1
indices=0,10,15,21,101,127,139,144,149 recid=0
indices=0,10,15,41,110,136,139,144,147 recid=0
indices=0,10,15,49,62,92,143,148,149 recid=1
indices=0,10,15,51,76,111,143,144,145 recid=0
indices=0,10,15,67,88,134,143,147,148 recid=1
indices=0,10,16,63,74,93,144,145,146 recid=1
indices=0,10,16,84,97,108,140,144,145 recid=1
indices=0,10,16,103,113,119,144,145,146 recid=1
indices=0,10,16,109,127,136,142,145,146 recid=1
indices=0,10,17,20,63,84,145,146,147 recid=0
indices=0,10,17,28,77,102,144,147,148 recid=1
indices=0,10,17,34,85,103,142,144,147 recid=0
indices=0,10,17,63,74,124,143,144,146 recid=1
indices=0,10,18,26,64,115,143,145,147 recid=0
indices=0,10,18,60,89,134,142,147,148 recid=0
indices=0,10,19,23,41,116,139,145,149 recid=0
indices=0,10,19,26,33,47,139,144,146 recid=1
indices=0,10,19,30,64,128,143,144,148 recid=0
indices=0,10,19,40,100,132,141,144,147 recid=1
indices=0,10,19,50,72,98,142,146,148 recid=0
indices=0,10,19,54,55,120,138,146,149 recid=1
indices=0,10,19,70,90,115,141,146,147 recid=0
indices=0,10,20,29,42,128,144,146,148 recid=0
indices=0,10,20,34,84,92,141,144,149 recid=1
indices=0,10,20,40,83,86,138,145,147 recid=0
indices=0,10,20,105,121,124,143,145,147 recid=0
indices=0,10,21,26,71,130,140,144,146 recid=1
indices=0,10,21,32,37,60,140,144,146 recid=0
indices=0,10,21,32,57,81,140,145,147 recid=1
indices=0,10,21,47,101,124,139,144,145 recid=0
indices=0,10,21,48,65,66,138,146,147 recid=0
indices=0,10,21,62,110,118,141,147,148 recid=1
indices=0,10,21,80,81,96,140,144,148 recid=0
indices=0,10,21,80,118,135,144,146,147 recid=1
indices=0,10,22,39,70,102,139,144,147 recid=0
indices=0,10,22,44,77,119,139,147,148 recid=0
indices=0,10,23,46,78,110,138,144,147 recid=0
indices=0,10,23,62,98,108,143,148,149 recid=0
indices=0,10,23,69,92,114,145,148,149 recid=1
indices=0,10,24,48,95,108,143,148,149 recid=1
indices=0,10,24,66,75,120,143,144,147 recid=1
indices=0,10,25,42,83,97,141,147,149 recid=1
indices=0,10,26,27,92,111,145,146,148 recid=0
indices=0,10,26,31,85,126,137,144,146 recid=0
indices=0,10,26,35,57,80,142,148,149 recid=0
indices=0,10,26,65,85,123,143,145,148 recid=1
indices=0,10,26,83,89,115,142,144,149 recid=0
indices=0,10,26,91,111,116,140,145,146 recid=0
indices=0,10,27,36,75,100,141,147,148 recid=0
indices=0,10,27,67,80,127,142,147,148 recid=0
indices=0,10,28,29,73,86,141,145,147 recid=0
indices=0,10,28,83,97,122,141,146,147 recid=0
indices=0,10,29,42,49,121,138,145,147 recid=1
indices=0,10,29,42,100,110,142,145,146 recid=0
indices=0,10,29,54,57,76,140,146,149 recid=1
indices=0,10,29,55,56,76,140,145,148 recid=1
indices=0,10,29,69,73,109,137,145,146 recid=0
indices=0,10,29,104,127,128,137,145,148 recid=0
indices=0,10,30,34,50,70,141,145,147 recid=1
indices=0,10,30,45,110,114,142,145,146 recid=0
indices=0,10,30,56,63,79,141,145,149 recid=1
indices=0,10,31,36,81,98,140,146,148 recid=0
indices=0,10,31,66,72,105,138,145,147 recid=1
indices=0,10,32,46,47,54,139,146,147 recid=0
indices=0,10,32,64,95,97,138,146,147 recid=0
indices=0,10,32,70,85,92,139,145,149 recid=1
indices=0,10,33,48,95,132,139,147,148 recid=1
indices=0,10,34,50,94,106,142,145,146 recid=1
indices=0,10,34,55,85,125,144,147,149 recid=1
indices=0,10,34,62,67,82,141,145,149 recid=1
indices=0,10,36,44,109,130,145,146,149 recid=0
indices=0,10,37,47,75,82,141,147,148 recid=1
indices=0,10,37,63,89,96,140,144,145 recid=0
indices=0,10,38,41,53,57,142,144,148 recid=1
indices=0,10,38,42,70,133,137,148,149 recid=1
indices=0,10,38,45,48,71,139,144,148 recid=0
indices=0,10,38,45,63,67,141,145,149 recid=1
indices=0,10,38,70,118,130,140,144,145 recid=0
indices=0,10,39,41,88,90,141,146,149 recid=0
indices=0,10,39,43,90,136,140,145,147 recid=0
indices=0,10,40,67,90,135,139,144,145 recid=0
indices=0,10,41,55,76,78,139,146,148 recid=1
indices=0,10,41,58,119,132,141,146,147 recid=0
indices=0,10,41,79,113,128,139,145,146 recid=1
indices=0,10,42,53,66,123,139,144,146 recid=0
indices=0,10,42,63,114,136,139,147,149 recid=0
indices=0,10,42,67,95,128,142,147,149 recid=1
indices=0,10,42,104,106,136,144,145,147 recid=1
indices=0,10,43,56,60,65,144,147,148 recid=1
indices=0,10,44,52,78,79,137,148,149 recid=0
indices=0,10,45,46,62,125,139,145,148 recid=1
indices=0,10,45,48,61,125,142,145,146 recid=1
indices=0,10,45,91,98,113,142,145,148 recid=0
indices=0,10,46,55,129,136,137,145,148 recid=0
indices=0,10,46,58,111,130,139,144,145 recid=0
indices=0,10,46,84,99,110,139,144,145 recid=0
indices=0,10,47,49,50,83,144,146,147 recid=1
indices=0,10,47,67,96,114,144,147,148 recid=1
indices=0,10,47,75,124,136,138,147,149 recid=0
indices=0,10,47,78,79,86,138,144,146 recid=0
indices=0,10,48,76,77,106,138,148,149 recid=0
indices=0,10,48,85,98,120,143,148,149 recid=1
indices=0,10,49,58,123,136,142,147,149 recid=0
indices=0,10,49,78,84,98,140,145,146 recid=1
indices=0,10,49,91,108,121,142,148,149 recid=1
indices=0,10,49,92,103,127,145,146,148 recid=1
indices=0,10,51,54,83,123,138,144,149 recid=1
indices=0,10,53,89,98,106,138,147,148 recid=1
indices=0,10,54,69,78,84,137,144,147 recid=1
indices=0,10,55,99,115,116,144,146,148 recid=1
indices=0,10,56,81,102,125,141,146,149 recid=1
indices=0,10,58,86,96,107,140,146,147 recid=1
indices=0,10,58,86,97,102,142,146,149 recid=1
indices=0,10,58,95,103,112,139,144,149 recid=0
indices=0,10,59,64,67,98,138,146,147 recid=1
indices=0,10,59,73,94,119,137,144,149 recid=1
indices=0,10,59,100,114,120,145,147,149 recid=1
indices=0,10,63,105,107,116,140,148,149 recid=1
indices=0,10,64,70,71,127,140,144,147 recid=0
indices=0,10,64,70,89,130,137,138,147 recid=1
indices=0,10,64,109,113,121,140,144,148 recid=0
indices=0,10,65,81,94,99,137,146,149 recid=1
indices=0,10,65,87,89,123,139,144,145 recid=1
indices=0,10,66,68,95,98,144,145,147 recid=1
indices=0,10,66,100,102,107,145,147,149 recid=1
indices=0,10,67,73,78,119,144,148,149 recid=1
indices=0,10,69,70,115,136,143,144,148 recid=0
indices=0,10,71,80,109,124,138,146,147 recid=0
indices=0,10,73,87,117,136,144,146,148 recid=1
indices=0,10,73,104,114,132,144,145,147 recid=1
indices=0,10,74,79,84,114,138,147,148 recid=0
indices=0,10,77,93,97,112,137,146,149 recid=0
indices=0,10,79,106,124,130,137,144,146 recid=0
indices=0,10,81,104,120,125,139,144,149 recid=1
indices=0,10,82,88,115,133,138,144,147 recid=0
indices=0,10,83,87,92,128,139,144,148 recid=0
indices=0,10,83,115,124,134,143,145,146 recid=1
indices=0,10,87,95,103,117,140,144,148 recid=0
indices=0,10,91,115,116,118,140,144,145 recid=1
indices=0,10,93,100,111,112,138,144,148 recid=0
indices=0,11,12,18,32,101,143,146,147 recid=1
indices=0,11,12,18,70,114,137,148,149 recid=0
indices=0,11,12,57,96,115,144,148,149 recid=0
indices=0,11,12,78,101,125,143,145,147 recid=0
indices=0,11,13,24,100,117,144,147,149 recid=1
indices=0,11,13,32,45,62,137,144,148 recid=0
indices=0,11,13,47,62,94,140,147,149 recid=1
indices=0,11,13,62,81,110,142,147,149 recid=0
indices=0,11,13,70,83,124,139,145,148 recid=1
indices=0,11,14,20,128,130,142,144,146 recid=0
indices=0,11,14,26,107,134,141,146,149 recid=0
indices=0,11,14,35,56,124,142,144,147 recid=0
indices=0,11,14,43,57,126,140,144,145 recid=1
indices=0,11,14,43,88,111,142,146,148 recid=1
indices=0,11,14,48,81,105,138,144,148 recid=1
indices=0,11,15,28,48,127,140,144,147 recid=1
