indices=0,1,2,3,104,133,142,147,149 recid=1
indices=0,1,2,20,123,126,141,144,145 recid=0
indices=0,1,2,29,65,134,141,145,148 recid=0
indices=0,1,2,44,65,74,139,144,148 recid=1
indices=0,1,3,6,23,76,147,148,149 recid=1
indices=0,1,3,23,56,117,139,144,149 recid=0
indices=0,1,3,26,32,106,142,146,148 recid=1
indices=0,1,3,33,99,106,139,144,147 recid=1
indices=0,1,4,33,122,129,142,144,147 recid=1
indices=0,1,4,35,58,120,139,144,145 recid=1
indices=0,1,4,36,83,120,144,146,149 recid=1
indices=0,1,4,59,60,123,143,146,149 recid=0
indices=0,1,4,85,88,118,146,148,149 recid=0
indices=0,1,5,9,26,105,143,144,146 recid=1
indices=0,1,5,9,32,47,137,148,149 recid=1
indices=0,1,5,11,64,123,142,147,148 recid=1
indices=0,1,5,17,49,89,137,145,147 recid=1
indices=0,1,5,35,117,132,141,146,149 recid=1
indices=0,1,5,70,95,109,145,147,148 recid=1
indices=0,1,5,94,127,135,137,138,146 recid=1
indices=0,1,6,12,41,91,139,144,149 recid=0
indices=0,1,6,18,63,133,137,145,148 recid=1
indices=0,1,6,37,40,49,140,144,147 recid=1
indices=0,1,6,39,121,136,141,146,149 recid=0
indices=0,1,6,43,113,120,140,144,145 recid=1
indices=0,1,6,70,90,115,139,145,146 recid=1
indices=0,1,6,74,84,108,140,144,146 recid=1
indices=0,1,6,77,83,116,145,146,147 recid=1
indices=0,1,7,17,48,113,143,145,149 recid=1
indices=0,1,7,19,43,91,147,148,149 recid=1
indices=0,1,7,21,68,97,137,148,149 recid=1
indices=0,1,7,26,62,114,145,148,149 recid=0
indices=0,1,7,29,76,97,142,144,149 recid=0
indices=0,1,7,40,64,79,139,145,149 recid=0
indices=0,1,7,85,96,136,140,148,149 recid=0
indices=0,1,8,21,48,77,141,145,148 recid=1
indices=0,1,8,28,83,126,138,146,147 recid=1
indices=0,1,8,28,107,133,140,146,148 recid=1
indices=0,1,8,51,59,115,140,147,149 recid=1
indices=0,1,8,79,110,117,144,146,147 recid=0
indices=0,1,8,84,86,94,142,144,149 recid=0
indices=0,1,9,17,33,119,137,144,148 recid=1
indices=0,1,9,22,78,114,138,144,147 recid=1
indices=0,1,9,29,85,120,143,146,147 recid=0
indices=0,1,9,36,68,133,142,144,146 recid=0
indices=0,1,9,73,112,132,137,144,145 recid=0
indices=0,1,10,27,124,135,137,145,149 recid=1
indices=0,1,10,35,55,72,144,146,147 recid=0
indices=0,1,10,39,120,127,140,148,149 recid=0
indices=0,1,10,49,94,110,139,145,148 recid=1
indices=0,1,10,51,67,107,141,145,148 recid=1
indices=0,1,10,53,110,134,138,147,149 recid=0
indices=0,1,11,27,33,93,138,144,145 recid=0
indices=0,1,11,31,32,89,139,148,149 recid=1
indices=0,1,11,47,71,127,138,145,146 recid=0
indices=0,1,11,69,100,122,141,147,149 recid=0
indices=0,1,12,13,28,96,142,145,146 recid=0
indices=0,1,12,18,40,54,145,148,149 recid=0
indices=0,1,12,22,81,98,139,147,148 recid=0
indices=0,1,12,36,109,125,137,138,146 recid=1
indices=0,1,12,46,71,119,142,147,149 recid=0
indices=0,1,13,67,85,117,141,147,149 recid=1
indices=0,1,13,93,101,104,139,146,149 recid=1
indices=0,1,14,21,32,136,142,147,149 recid=1
indices=0,1,14,35,45,96,142,146,149 recid=0
indices=0,1,14,43,56,65,138,146,148 recid=0
indices=0,1,14,43,72,100,144,145,147 recid=0
indices=0,1,14,51,108,113,138,144,145 recid=1
indices=0,1,14,113,126,127,141,144,148 recid=1
indices=0,1,15,18,93,97,139,144,149 recid=1
indices=0,1,15,23,105,120,142,145,146 recid=0
indices=0,1,15,38,86,112,138,144,146 recid=1
indices=0,1,15,43,54,88,137,144,147 recid=0
indices=0,1,15,62,92,100,143,147,148 recid=1
indices=0,1,15,65,72,101,141,146,149 recid=1
indices=0,1,16,21,31,89,142,146,147 recid=0
indices=0,1,16,35,51,73,137,148,149 recid=0
indices=0,1,16,65,114,129,137,147,149 recid=1
indices=0,1,17,22,79,110,147,148,149 recid=1
indices=0,1,17,39,42,71,141,144,145 recid=0
indices=0,1,18,40,41,80,144,146,149 recid=1
indices=0,1,18,53,60,68,146,147,149 recid=0
indices=0,1,18,54,91,124,140,147,148 recid=0
indices=0,1,18,58,94,95,142,145,146 recid=1
indices=0,1,18,100,129,132,143,145,149 recid=1
indices=0,1,19,94,111,128,137,145,147 recid=1
indices=0,1,21,37,59,68,144,147,148 recid=1
indices=0,1,21,57,73,119,140,148,149 recid=1
indices=0,1,21,74,91,133,138,144,149 recid=0
indices=0,1,22,29,69,75,138,144,148 recid=0
indices=0,1,22,50,119,126,140,146,147 recid=0
indices=0,1,22,52,73,83,138,144,146 recid=0
indices=0,1,22,61,74,107,145,146,147 recid=1
indices=0,1,23,33,41,68,137,138,147 recid=0
indices=0,1,23,39,65,109,145,147,149 recid=1
indices=0,1,23,81,101,116,143,146,148 recid=1
indices=0,1,23,94,109,115,143,144,149 recid=0
indices=0,1,24,25,49,53,139,146,147 recid=0
indices=0,1,24,38,51,53,139,145,147 recid=1
indices=0,1,24,54,73,114,142,147,149 recid=1
indices=0,1,24,66,96,110,143,145,147 recid=1
indices=0,1,24,74,89,102,147,148,149 recid=0
indices=0,1,24,80,96,129,141,146,147 recid=1
indices=0,1,24,91,93,136,145,146,149 recid=0
indices=0,1,25,29,54,119,139,145,149 recid=0
indices=0,1,25,34,80,103,139,146,149 recid=0
indices=0,1,25,41,99,100,143,144,147 recid=1
indices=0,1,25,82,85,129,139,147,148 recid=1
indices=0,1,25,102,125,134,137,144,148 recid=0
indices=0,1,26,58,94,104,140,147,148 recid=1
indices=0,1,26,65,80,86,140,146,149 recid=0
indices=0,1,27,33,56,124,141,147,148 recid=0
indices=0,1,27,44,60,73,140,144,148 recid=1
indices=0,1,27,67,104,114,143,148,149 recid=0
indices=0,1,27,95,106,129,140,147,148 recid=1
indices=0,1,28,30,58,128,140,146,147 recid=0
indices=0,1,28,35,48,89,137,147,149 recid=1
indices=0,1,28,39,56,89,138,147,148 recid=1
indices=0,1,28,71,74,128,143,146,147 recid=1
indices=0,1,28,72,75,124,139,145,146 recid=0
indices=0,1,28,80,123,131,138,145,148 recid=1
indices=0,1,28,87,119,120,137,144,147 recid=0
indices=0,1,29,45,116,122,144,146,149 recid=0
indices=0,1,29,56,80,96,145,147,149 recid=1
indices=0,1,29,62,71,131,140,144,145 recid=0
indices=0,1,29,83,90,126,139,144,148 recid=1
indices=0,1,30,70,77,125,140,145,147 recid=0
indices=0,1,30,94,101,136,144,145,149 recid=1
indices=0,1,30,100,115,123,139,144,146 recid=0
indices=0,1,31,33,86,120,143,145,147 recid=1
indices=0,1,31,40,48,62,141,146,147 recid=1
indices=0,1,31,49,73,84,144,147,148 recid=0
indices=0,1,31,53,69,80,141,146,149 recid=1
indices=0,1,31,82,84,88,145,147,148 recid=0
indices=0,1,32,34,73,87,142,147,148 recid=0
indices=0,1,32,38,67,76,143,146,148 recid=0
indices=0,1,32,60,77,134,142,145,146 recid=0
indices=0,1,32,76,93,113,142,147,148 recid=1
indices=0,1,32,107,112,119,143,147,148 recid=0
indices=0,1,33,35,46,116,144,146,148 recid=0
indices=0,1,33,38,89,95,137,145,148 recid=1
indices=0,1,33,62,97,99,140,148,149 recid=1
indices=0,1,33,75,77,107,140,145,147 recid=0
indices=0,1,34,54,127,135,143,144,145 recid=0
indices=0,1,34,84,94,108,139,148,149 recid=0
indices=0,1,35,36,87,132,138,145,146 recid=1
indices=0,1,35,52,115,128,142,148,149 recid=1
indices=0,1,35,57,107,126,140,144,148 recid=0
indices=0,1,35,59,81,103,143,147,148 recid=1
indices=0,1,36,72,94,131,140,146,148 recid=1
indices=0,1,37,41,98,106,137,145,149 recid=1
indices=0,1,37,43,76,97,140,145,147 recid=1
indices=0,1,38,43,65,83,138,146,147 recid=0
indices=0,1,38,58,77,122,140,146,148 recid=0
indices=0,1,38,70,71,130,137,148,149 recid=1
indices=0,1,39,53,115,127,143,144,147 recid=1
indices=0,1,39,55,85,121,140,144,146 recid=0
indices=0,1,39,55,115,122,141,145,148 recid=1
indices=0,1,40,75,99,106,138,145,149 recid=0
indices=0,1,40,78,86,91,142,144,149 recid=0
indices=0,1,40,78,121,130,138,145,146 recid=0
indices=0,1,41,44,119,120,142,144,145 recid=1
indices=0,1,41,51,93,98,137,138,147 recid=1
indices=0,1,41,51,122,124,137,147,149 recid=0
indices=0,1,41,52,130,134,137,148,149 recid=0
indices=0,1,41,83,110,126,138,144,146 recid=0
indices=0,1,41,104,108,112,139,145,149 recid=1
indices=0,1,42,59,70,101,137,138,145 recid=0
indices=0,1,44,63,77,131,141,144,146 recid=0
indices=0,1,45,59,130,135,138,144,148 recid=0
indices=0,1,45,96,97,123,142,148,149 recid=1
indices=0,1,48,68,90,132,139,144,147 recid=1
indices=0,1,48,85,98,123,137,145,149 recid=1
indices=0,1,49,50,85,118,137,145,147 recid=1
indices=0,1,49,79,100,125,142,147,148 recid=0
indices=0,1,49,103,130,134,139,145,146 recid=0
indices=0,1,51,61,62,67,140,146,147 recid=1
indices=0,1,51,63,104,120,143,145,149 recid=1
indices=0,1,52,67,109,123,144,148,149 recid=0
indices=0,1,52,69,99,100,144,146,147 recid=0
indices=0,1,53,60,68,87,138,147,149 recid=1
indices=0,1,54,55,75,122,141,147,148 recid=1
indices=0,1,55,67,112,128,137,144,149 recid=0
indices=0,1,57,92,116,135,139,145,149 recid=1
indices=0,1,58,86,87,94,145,148,149 recid=1
indices=0,1,59,63,100,107,144,146,149 recid=0
indices=0,1,60,73,114,130,142,145,149 recid=1
indices=0,1,60,77,92,109,141,144,146 recid=0
indices=0,1,63,65,99,113,137,145,146 recid=0
indices=0,1,64,66,109,114,141,144,148 recid=0
indices=0,1,64,69,82,134,142,147,149 recid=0
indices=0,1,65,123,132,136,142,146,148 recid=1
indices=0,1,67,93,101,135,143,145,148 recid=1
indices=0,1,68,113,114,118,139,146,147 recid=1
indices=0,1,69,72,82,135,137,138,146 recid=0
indices=0,1,71,76,89,125,139,146,149 recid=1
indices=0,1,72,76,79,100,137,146,149 recid=1
indices=0,1,73,78,91,117,142,145,146 recid=0
indices=0,1,81,82,84,114,144,145,146 recid=0
indices=0,1,82,101,111,119,143,147,148 recid=1
indices=0,1,86,88,112,127,137,138,147 recid=1
indices=0,1,87,109,127,128,140,144,145 recid=1
indices=0,1,90,100,119,120,139,148,149 recid=0
indices=0,1,107,122,126,131,140,146,148 recid=1
indices=0,2,3,5,66,136,139,146,147 recid=0
indices=0,2,3,20,53,69,137,138,145 recid=1
indices=0,2,3,33,52,85,138,145,148 recid=0
indices=0,2,3,52,55,59,139,147,149 recid=1
indices=0,2,4,37,54,97,144,145,148 recid=1
indices=0,2,4,37,118,134,144,148,149 recid=1
indices=0,2,4,43,84,110,145,148,149 recid=1
indices=0,2,4,47,53,67,137,145,149 recid=0
indices=0,2,4,51,61,115,145,146,148 recid=0
indices=0,2,4,51,95,110,143,146,148 recid=1
indices=0,2,4,68,108,110,140,146,147 recid=0
indices=0,2,4,73,87,103,141,145,148 recid=1
indices=0,2,4,75,110,117,146,147,148 recid=1
indices=0,2,5,6,8,61,139,144,146 recid=1
indices=0,2,5,15,57,99,142,147,149 recid=0
indices=0,2,5,17,115,119,139,146,149 recid=0
indices=0,2,5,23,35,81,146,147,148 recid=1
indices=0,2,5,26,32,56,140,147,148 recid=0
indices=0,2,5,59,114,135,139,147,149 recid=1
indices=0,2,6,31,96,134,139,145,148 recid=0
indices=0,2,6,57,84,123,143,147,148 recid=0
indices=0,2,6,65,93,135,142,145,149 recid=0
indices=0,2,7,18,52,118,140,145,146 recid=1
indices=0,2,7,32,41,65,141,146,147 recid=0
indices=0,2,7,39,59,126,143,147,148 recid=1
indices=0,2,7,71,89,130,140,144,146 recid=0
indices=0,2,7,81,126,133,141,146,149 recid=1
indices=0,2,8,14,21,34,138,144,147 recid=0
indices=0,2,8,30,119,123,139,145,146 recid=1
indices=0,2,8,37,77,81,139,145,148 recid=0
indices=0,2,8,39,54,114,137,147,148 recid=0
indices=0,2,8,40,99,127,142,144,147 recid=1
indices=0,2,8,56,67,79,140,144,149 recid=0
indices=0,2,9,11,65,94,138,148,149 recid=1
indices=0,2,9,14,29,52,137,138,145 recid=1
indices=0,2,9,23,32,128,143,144,149 recid=1
indices=0,2,9,28,32,108,140,145,148 recid=1
indices=0,2,9,28,37,106,140,145,147 recid=0
indices=0,2,9,37,52,95,139,146,148 recid=1
indices=0,2,9,38,50,56,140,144,146 recid=1
indices=0,2,10,12,62,82,144,145,146 recid=0
indices=0,2,10,21,75,131,145,147,148 recid=1
indices=0,2,10,42,64,94,140,145,149 recid=1
indices=0,2,10,43,75,129,137,145,147 recid=0
indices=0,2,10,51,89,134,145,148,149 recid=0
indices=0,2,11,26,73,101,138,144,149 recid=1
indices=0,2,11,35,47,101,145,146,147 recid=1
indices=0,2,11,59,65,135,138,144,146 recid=1
indices=0,2,11,85,133,135,141,146,147 recid=0
indices=0,2,12,19,30,70,145,146,147 recid=1
indices=0,2,12,31,57,61,139,145,146 recid=0
indices=0,2,12,41,68,94,143,146,149 recid=1
indices=0,2,12,71,105,122,140,144,148 recid=0
indices=0,2,12,84,126,131,137,144,147 recid=0
indices=0,2,12,86,88,127,137,145,147 recid=1
indices=0,2,12,89,126,136,137,144,145 recid=0
indices=0,2,13,19,120,132,137,146,148 recid=0
indices=0,2,13,24,31,109,142,147,149 recid=1
indices=0,2,13,36,68,122,139,146,149 recid=0
indices=0,2,13,66,89,106,141,144,148 recid=1
indices=0,2,13,83,98,124,137,138,147 recid=1
indices=0,2,14,86,106,107,141,145,148 recid=1
indices=0,2,14,91,106,119,142,145,146 recid=1
indices=0,2,15,25,89,99,138,148,149 recid=1
indices=0,2,15,36,59,126,145,146,147 recid=0
indices=0,2,15,43,53,103,140,145,148 recid=0
indices=0,2,15,49,88,133,142,146,149 recid=0
indices=0,2,15,67,94,118,146,147,148 recid=0
indices=0,2,15,74,127,132,144,146,147 recid=0
indices=0,2,16,19,91,123,142,145,146 recid=1
indices=0,2,16,26,80,82,142,144,145 recid=0
indices=0,2,16,47,71,108,142,144,147 recid=0
indices=0,2,16,53,111,122,139,147,149 recid=1
indices=0,2,17,34,39,121,142,146,147 recid=1
indices=0,2,17,38,119,120,139,144,147 recid=0
indices=0,2,17,63,101,126,138,144,147 recid=0
indices=0,2,18,43,119,125,137,145,146 recid=1
indices=0,2,18,45,60,114,141,144,147 recid=1
indices=0,2,18,51,53,107,147,148,149 recid=1
indices=0,2,19,20,36,46,143,146,147 recid=1
indices=0,2,19,30,48,107,141,147,148 recid=0
indices=0,2,19,54,62,133,137,145,146 recid=0
indices=0,2,20,35,39,129,138,144,147 recid=1
indices=0,2,20,52,66,92,141,147,149 recid=1
indices=0,2,20,56,97,125,142,147,148 recid=0
indices=0,2,20,62,76,135,138,146,147 recid=0
indices=0,2,21,24,51,122,140,144,145 recid=0
indices=0,2,21,30,107,112,137,144,149 recid=0
indices=0,2,21,34,45,67,140,146,147 recid=0
indices=0,2,21,59,64,73,137,145,149 recid=0
indices=0,2,21,61,71,112,141,144,145 recid=1
indices=0,2,22,24,52,94,141,146,148 recid=0
indices=0,2,22,41,103,107,141,146,149 recid=1
indices=0,2,23,30,56,111,142,146,148 recid=1
indices=0,2,23,42,45,92,145,146,149 recid=0
indices=0,2,23,56,62,127,140,145,149 recid=1
indices=0,2,23,71,78,103,137,144,148 recid=0
indices=0,2,23,71,120,135,142,145,146 recid=0
indices=0,2,23,76,91,111,142,144,147 recid=0
indices=0,2,24,26,27,34,144,147,149 recid=1
indices=0,2,24,47,63,124,143,147,148 recid=1
indices=0,2,24,73,106,111,143,147,148 recid=0
indices=0,2,25,29,35,75,142,145,146 recid=1
indices=0,2,25,29,112,125,144,145,147 recid=0
indices=0,2,25,36,79,136,141,145,148 recid=0
indices=0,2,25,69,78,96,143,146,148 recid=0
indices=0,2,25,72,111,133,141,146,147 recid=0
indices=0,2,25,89,99,133,139,147,149 recid=0
indices=0,2,26,28,58,99,144,146,149 recid=0
indices=0,2,26,29,78,113,144,146,147 recid=0
indices=0,2,26,36,117,124,137,145,148 recid=0
indices=0,2,26,64,119,120,140,148,149 recid=1
indices=0,2,26,81,83,119,144,146,148 recid=0
indices=0,2,26,89,97,134,141,144,149 recid=1
indices=0,2,26,94,112,128,139,144,145 recid=1
indices=0,2,27,45,79,113,139,148,149 recid=0
indices=0,2,28,36,39,65,143,144,146 recid=1
indices=0,2,28,90,95,125,139,145,148 recid=0
indices=0,2,28,93,103,114,139,147,148 recid=1
indices=0,2,29,43,83,125,138,148,149 recid=1
indices=0,2,30,46,61,117,138,146,149 recid=1
indices=0,2,30,49,53,82,141,148,149 recid=0
indices=0,2,30,55,66,117,140,146,149 recid=1
indices=0,2,31,34,87,88,143,145,148 recid=0
indices=0,2,31,35,80,122,143,148,149 recid=0
indices=0,2,31,68,92,135,146,147,149 recid=1
indices=0,2,31,70,71,85,142,145,147 recid=0
indices=0,2,32,33,60,81,138,145,149 recid=1
indices=0,2,32,58,77,115,141,147,148 recid=0
indices=0,2,32,60,81,97,138,147,149 recid=0
indices=0,2,32,66,75,81,139,148,149 recid=0
indices=0,2,33,36,113,118,137,147,148 recid=0
indices=0,2,33,40,47,52,144,146,149 recid=1
indices=0,2,33,44,104,112,141,144,146 recid=1
indices=0,2,33,45,53,94,141,145,146 recid=1
indices=0,2,33,52,83,103,137,146,147 recid=1
indices=0,2,34,41,64,74,139,144,145 recid=1
indices=0,2,34,46,114,115,141,148,149 recid=1
indices=0,2,34,47,71,124,142,145,146 recid=0
indices=0,2,34,87,90,115,138,144,148 recid=1
indices=0,2,34,102,110,136,143,146,148 recid=1
indices=0,2,35,58,125,135,137,146,148 recid=0
indices=0,2,35,86,110,134,137,147,148 recid=1
indices=0,2,36,95,111,119,141,148,149 recid=1
indices=0,2,38,40,61,129,139,146,147 recid=1
indices=0,2,38,44,58,136,143,145,147 recid=1
indices=0,2,38,79,90,127,143,145,148 recid=1
indices=0,2,39,43,66,129,137,146,148 recid=0
indices=0,2,39,45,89,103,143,145,147 recid=1
indices=0,2,39,50,122,123,141,145,148 recid=0
indices=0,2,39,68,70,75,142,145,147 recid=1
indices=0,2,39,68,108,119,142,144,147 recid=0
indices=0,2,40,59,108,121,141,144,146 recid=1
indices=0,2,40,68,99,115,138,144,147 recid=0
indices=0,2,40,82,93,103,137,148,149 recid=1
indices=0,2,42,57,65,98,138,146,147 recid=1
indices=0,2,43,60,115,123,137,138,145 recid=1
indices=0,2,43,84,101,129,142,144,148 recid=1
indices=0,2,44,48,50,68,138,147,149 recid=0
indices=0,2,45,68,85,97,140,145,146 recid=1
indices=0,2,45,79,81,96,143,148,149 recid=0
indices=0,2,45,98,103,116,143,144,149 recid=1
indices=0,2,46,48,103,121,139,144,145 recid=0
indices=0,2,46,60,64,123,140,145,147 recid=0
indices=0,2,46,67,76,104,145,146,148 recid=0
indices=0,2,46,88,112,120,140,145,149 recid=1
indices=0,2,46,91,94,117,142,145,146 recid=0
indices=0,2,46,98,124,131,139,146,149 recid=0
indices=0,2,48,52,107,108,138,146,148 recid=0
indices=0,2,49,52,59,111,145,146,148 recid=0
indices=0,2,50,70,85,118,147,148,149 recid=0
indices=0,2,50,85,93,106,147,148,149 recid=1
indices=0,2,53,104,113,118,142,148,149 recid=1
indices=0,2,57,59,94,136,140,144,147 recid=1
indices=0,2,57,62,78,96,138,145,147 recid=1
indices=0,2,57,78,92,120,139,144,147 recid=0
indices=0,2,57,100,106,132,139,146,147 recid=0
indices=0,2,58,71,86,118,138,145,147 recid=0
indices=0,2,60,73,100,123,143,145,149 recid=0
indices=0,2,61,64,125,131,143,146,148 recid=1
indices=0,2,61,65,121,124,138,144,147 recid=0
indices=0,2,61,110,117,126,141,146,148 recid=1
indices=0,2,64,72,75,110,143,144,147 recid=0
indices=0,2,66,88,90,130,137,148,149 recid=0
indices=0,2,66,106,130,133,140,148,149 recid=0
indices=0,2,69,85,93,117,139,145,146 recid=1
indices=0,2,73,119,126,134,137,144,147 recid=0
indices=0,2,75,83,120,135,139,147,149 recid=1
indices=0,2,76,78,97,131,142,145,149 recid=0
indices=0,2,78,105,106,122,142,145,148 recid=0
indices=0,2,80,102,112,134,137,147,148 recid=0
indices=0,2,82,84,96,105,137,144,146 recid=1
indices=0,2,83,105,124,131,142,147,149 recid=0
indices=0,2,84,91,111,126,139,145,148 recid=1
indices=0,2,84,108,119,126,144,148,149 recid=0
indices=0,2,86,96,127,130,137,147,148 recid=1
indices=0,2,86,108,116,121,142,147,148 recid=1
indices=0,2,88,97,111,120,141,145,148 recid=1
indices=0,2,90,101,119,121,137,138,147 recid=0
indices=0,2,91,104,118,121,144,148,149 recid=0
indices=0,2,94,107,112,126,138,146,149 recid=0
indices=0,2,101,111,121,131,140,145,148 recid=1
indices=0,3,4,9,101,102,141,146,148 recid=1
indices=0,3,4,22,37,94,146,147,149 recid=1
indices=0,3,4,54,100,109,141,146,147 recid=0
indices=0,3,4,62,114,119,143,145,147 recid=0
indices=0,3,5,6,47,85,141,145,149 recid=0
indices=0,3,5,9,70,113,140,145,146 recid=1
indices=0,3,5,13,83,121,137,148,149 recid=1
indices=0,3,5,24,70,126,137,145,147 recid=1
indices=0,3,5,53,62,120,140,144,148 recid=0
indices=0,3,5,68,82,88,140,146,148 recid=0
indices=0,3,5,76,115,127,140,144,148 recid=0
indices=0,3,6,23,66,79,137,144,147 recid=0
indices=0,3,6,32,49,129,139,146,149 recid=1
indices=0,3,6,51,112,113,138,146,147 recid=0
indices=0,3,6,61,72,77,141,144,149 recid=1
indices=0,3,6,82,90,121,137,144,147 recid=0
indices=0,3,6,110,112,135,137,145,147 recid=1
indices=0,3,7,17,101,112,138,147,148 recid=0
indices=0,3,7,32,50,63,143,144,148 recid=0
indices=0,3,7,43,122,126,140,144,147 recid=1
indices=0,3,7,55,72,124,137,146,148 recid=1
indices=0,3,8,15,49,58,138,145,147 recid=0
indices=0,3,8,16,47,90,144,147,149 recid=1
indices=0,3,8,16,62,115,139,144,146 recid=0
indices=0,3,8,16,92,118,146,147,149 recid=1
indices=0,3,8,24,36,76,138,144,149 recid=1
indices=0,3,8,36,48,117,144,147,149 recid=0
indices=0,3,8,41,109,123,143,145,149 recid=0
indices=0,3,9,22,82,84,139,145,148 recid=0
indices=0,3,9,29,52,78,137,138,146 recid=1
indices=0,3,9,42,57,63,138,144,146 recid=1
indices=0,3,9,46,70,115,140,146,147 recid=0
indices=0,3,9,84,98,131,145,147,148 recid=0
indices=0,3,10,11,114,128,137,146,147 recid=1
indices=0,3,10,14,59,114,143,147,148 recid=0
indices=0,3,10,20,48,63,142,146,148 recid=0
indices=0,3,10,23,83,135,140,144,145 recid=1
indices=0,3,10,26,42,117,140,145,146 recid=1
indices=0,3,10,36,50,135,138,146,149 recid=0
indices=0,3,10,39,55,85,140,144,146 recid=0
indices=0,3,10,59,73,109,144,148,149 recid=0
indices=0,3,11,54,64,100,146,147,149 recid=1
indices=0,3,11,56,83,91,140,146,149 recid=1
indices=0,3,11,57,90,92,139,145,148 recid=1
indices=0,3,11,66,96,101,138,144,146 recid=1
indices=0,3,12,22,64,117,143,147,149 recid=0
indices=0,3,12,29,98,132,139,145,146 recid=0
indices=0,3,12,58,59,123,145,146,149 recid=0
indices=0,3,12,72,104,135,137,145,148 recid=0
indices=0,3,13,14,19,72,143,145,149 recid=1
indices=0,3,13,43,44,103,139,145,147 recid=1
indices=0,3,13,47,50,98,139,146,147 recid=0
indices=0,3,13,65,73,106,137,146,147 recid=0
indices=0,3,13,67,109,129,143,145,147 recid=1
indices=0,3,14,21,86,99,141,146,147 recid=0
indices=0,3,14,23,36,98,141,144,145 recid=0
indices=0,3,14,23,76,80,141,148,149 recid=1
indices=0,3,14,37,68,96,137,146,149 recid=1
indices=0,3,14,88,90,118,141,147,148 recid=1
indices=0,3,15,35,52,111,137,146,148 recid=0
indices=0,3,15,58,84,131,141,144,148 recid=0
indices=0,3,15,119,120,131,137,145,148 recid=1
indices=0,3,16,18,44,75,138,145,148 recid=0
indices=0,3,16,72,100,112,140,145,149 recid=1
indices=0,3,17,25,42,133,141,146,148 recid=0
indices=0,3,17,25,53,89,146,147,148 recid=0
indices=0,3,17,25,100,122,139,146,149 recid=1
indices=0,3,17,29,49,131,143,146,148 recid=1
indices=0,3,17,40,42,121,143,148,149 recid=0
indices=0,3,17,70,90,109,142,144,149 recid=1
indices=0,3,17,89,93,109,143,144,146 recid=0
indices=0,3,18,19,66,115,137,147,149 recid=1
indices=0,3,18,31,79,116,140,144,145 recid=1
indices=0,3,18,43,61,134,142,144,148 recid=1
indices=0,3,18,55,75,117,140,147,149 recid=1
indices=0,3,18,65,99,127,140,145,146 recid=1
indices=0,3,19,35,40,59,145,146,149 recid=1
indices=0,3,19,47,56,60,144,145,146 recid=0
indices=0,3,19,58,89,124,137,145,146 recid=1
indices=0,3,20,27,101,117,143,146,148 recid=0
indices=0,3,20,33,109,125,140,144,148 recid=0
indices=0,3,20,47,59,61,142,145,149 recid=1
indices=0,3,20,48,71,132,137,144,148 recid=0
indices=0,3,20,88,93,135,145,146,148 recid=1
indices=0,3,21,26,56,76,137,148,149 recid=0
indices=0,3,21,53,94,135,141,147,148 recid=1
indices=0,3,21,83,103,118,138,147,149 recid=0
indices=0,3,22,26,54,76,143,144,149 recid=1
indices=0,3,22,51,78,107,143,146,148 recid=0
indices=0,3,22,60,85,133,141,145,149 recid=0
indices=0,3,22,76,93,121,142,146,149 recid=0
indices=0,3,22,77,82,130,143,144,149 recid=0
indices=0,3,23,37,57,117,137,145,147 recid=1
indices=0,3,23,41,72,93,142,147,149 recid=1
indices=0,3,23,48,68,69,142,144,149 recid=0
indices=0,3,24,26,78,103,138,145,147 recid=0
indices=0,3,24,28,31,134,137,144,145 recid=0
indices=0,3,24,30,114,129,143,145,147 recid=0
indices=0,3,24,32,101,123,144,146,149 recid=0
indices=0,3,24,38,54,73,140,146,149 recid=1
indices=0,3,24,38,57,107,140,145,148 recid=1
indices=0,3,24,42,53,122,138,145,147 recid=0
indices=0,3,24,69,75,135,139,145,149 recid=1
indices=0,3,25,36,125,130,139,145,147 recid=1
indices=0,3,25,48,75,82,137,144,148 recid=0
indices=0,3,25,83,84,110,139,146,147 recid=1
indices=0,3,27,28,105,107,145,146,149 recid=1
indices=0,3,27,36,109,135,137,144,147 recid=1
indices=0,3,27,49,97,132,141,145,147 recid=1
indices=0,3,27,50,74,133,140,146,149 recid=0
indices=0,3,27,68,88,128,141,145,149 recid=1
indices=0,3,28,33,34,65,142,148,149 recid=0
indices=0,3,29,42,68,71,143,144,148 recid=0
indices=0,3,29,53,68,82,138,146,149 recid=1
indices=0,3,30,35,59,86,140,147,149 recid=1
indices=0,3,30,40,121,131,144,146,147 recid=0
indices=0,3,30,91,107,129,142,145,147 recid=0
indices=0,3,31,42,84,96,139,146,148 recid=1
indices=0,3,32,38,100,117,141,144,147 recid=0
indices=0,3,32,43,96,125,143,144,146 recid=0
indices=0,3,32,50,88,110,144,146,148 recid=1
indices=0,3,32,64,69,89,145,147,148 recid=0
indices=0,3,32,69,105,112,137,144,148 recid=1
indices=0,3,33,34,86,117,139,145,149 recid=0
indices=0,3,33,42,96,131,137,144,147 recid=1
indices=0,3,33,52,107,114,142,144,148 recid=0
indices=0,3,33,57,75,88,137,144,146 recid=0
indices=0,3,33,58,108,127,146,147,149 recid=0
indices=0,3,34,42,96,133,137,144,146 recid=1
indices=0,3,34,47,78,79,138,145,147 recid=0
indices=0,3,34,118,132,135,137,144,148 recid=1
indices=0,3,35,74,82,100,137,147,148 recid=0
indices=0,3,36,64,79,131,143,147,149 recid=1
indices=0,3,36,73,94,123,143,146,149 recid=1
indices=0,3,36,76,98,100,143,144,147 recid=0
indices=0,3,37,86,110,129,138,145,147 recid=1
indices=0,3,39,92,107,116,143,147,148 recid=0
indices=0,3,40,94,101,116,137,144,145 recid=0
indices=0,3,41,43,102,132,142,144,145 recid=0
indices=0,3,41,66,74,132,141,144,149 recid=0
indices=0,3,41,68,69,102,140,146,148 recid=1
indices=0,3,41,72,88,115,141,145,149 recid=1
indices=0,3,43,64,74,96,143,147,148 recid=1
indices=0,3,43,94,123,134,145,147,149 recid=0
indices=0,3,44,61,98,116,141,148,149 recid=0
indices=0,3,45,75,106,124,146,147,149 recid=0
indices=0,3,46,57,103,124,143,145,146 recid=1
indices=0,3,46,61,73,125,142,146,147 recid=1
indices=0,3,47,52,70,90,140,146,148 recid=1
indices=0,3,47,64,97,101,142,146,148 recid=1
indices=0,3,48,71,72,131,142,144,147 recid=1
indices=0,3,49,68,72,114,140,144,145 recid=0
indices=0,3,49,75,121,125,143,148,149 recid=1
indices=0,3,49,79,91,96,140,144,147 recid=0
indices=0,3,49,86,115,119,137,145,146 recid=1
indices=0,3,50,61,64,89,145,146,149 recid=0
indices=0,3,52,65,110,130,144,146,147 recid=0
indices=0,3,53,97,122,130,143,147,148 recid=1
indices=0,3,55,57,64,100,143,144,149 recid=0
indices=0,3,55,58,93,115,139,146,147 recid=1
indices=0,3,55,71,124,130,141,144,145 recid=1
indices=0,3,55,101,102,124,139,145,149 recid=1
indices=0,3,58,78,93,110,138,145,149 recid=1
indices=0,3,61,80,107,114,141,147,149 recid=1
indices=0,3,61,81,91,121,138,144,146 recid=1
indices=0,3,61,119,132,134,137,138,146 recid=0
indices=0,3,62,108,110,113,140,145,148 recid=0
indices=0,3,64,83,85,124,144,148,149 recid=1
indices=0,3,64,85,121,122,140,145,147 recid=0
indices=0,3,66,72,101,128,142,144,147 recid=0
indices=0,3,67,68,89,108,142,145,147 recid=0
indices=0,3,67,69,70,116,138,144,145 recid=1
indices=0,3,67,83,109,117,139,144,145 recid=1
