indices=0,1,2,3,104,133,142,147,149 recid=1
indices=0,1,2,20,123,126,141,144,145 recid=0
indices=0,1,2,29,65,134,141,145,148 recid=0
indices=0,1,2,44,65,74,139,144,148 recid=1
indices=0,1,3,6,23,76,147,148,149 recid=1
indices=0,1,3,23,56,117,139,144,149 recid=0
indices=0,1,3,26,32,106,142,146,148 recid=1
indices=0,1,3,33,99,106,139,144,147 recid=1
indices=0,1,4,33,122,129,142,144,147 recid=1
indices=0,1,4,35,58,120,139,144,145 recid=1
indices=0,1,4,36,83,120,144,146,149 recid=1
indices=0,1,4,59,60,123,143,146,149 recid=0
indices=0,1,4,85,88,118,146,148,149 recid=0
indices=0,1,5,9,26,105,143,144,146 recid=1
indices=0,1,5,9,32,47,137,148,149 recid=1
indices=0,1,5,11,64,123,142,147,148 recid=1
indices=0,1,5,17,49,89,137,145,147 recid=1
indices=0,1,5,35,117,132,141,146,149 recid=1
indices=0,1,5,70,95,109,145,147,148 recid=1
indices=0,1,5,94,127,135,137,138,146 recid=1
indices=0,1,6,12,41,91,139,144,149 recid=0
indices=0,1,6,18,63,133,137,145,148 recid=1
indices=0,1,6,37,40,49,140,144,147 recid=1
indices=0,1,6,39,121,136,141,146,149 recid=0
indices=0,1,6,43,113,120,140,144,145 recid=1
indices=0,1,6,70,90,115,139,145,146 recid=1
indices=0,1,6,74,84,108,140,144,146 recid=1
indices=0,1,6,77,83,116,145,146,147 recid=1
indices=0,1,7,17,48,113,143,145,149 recid=1
indices=0,1,7,19,43,91,147,148,149 recid=1
indices=0,1,7,21,68,97,137,148,149 recid=1
indices=0,1,7,26,62,114,145,148,149 recid=0
indices=0,1,7,29,76,97,142,144,149 recid=0
indices=0,1,7,40,64,79,139,145,149 recid=0
indices=0,1,7,85,96,136,140,148,149 recid=0
indices=0,1,8,21,48,77,141,145,148 recid=1
indices=0,1,8,28,83,126,138,146,147 recid=1
indices=0,1,8,28,107,133,140,146,148 recid=1
indices=0,1,8,51,59,115,140,147,149 recid=1
indices=0,1,8,79,110,117,144,146,147 recid=0
indices=0,1,8,84,86,94,142,144,149 recid=0
indices=0,1,9,17,33,119,137,144,148 recid=1
indices=0,1,9,22,78,114,138,144,147 recid=1
indices=0,1,9,29,85,120,143,146,147 recid=0
indices=0,1,9,36,68,133,142,144,146 recid=0
indices=0,1,9,73,112,132,137,144,145 recid=0
indices=0,1,10,27,124,135,137,145,149 recid=1
indices=0,1,10,35,55,72,144,146,147 recid=0
indices=0,1,10,39,120,127,140,148,149 recid=0
indices=0,1,10,49,94,110,139,145,148 recid=1
indices=0,1,10,51,67,107,141,145,148 recid=1
indices=0,1,10,53,110,134,138,147,149 recid=0
indices=0,1,11,27,33,93,138,144,145 recid=0
indices=0,1,11,31,32,89,139,148,149 recid=1
indices=0,1,11,47,71,127,138,145,146 recid=0
indices=0,1,11,69,100,122,141,147,149 recid=0
indices=0,1,12,13,28,96,142,145,146 recid=0
indices=0,1,12,18,40,54,145,148,149 recid=0
indices=0,1,12,22,81,98,139,147,148 recid=0
indices=0,1,12,36,109,125,137,138,146 recid=1
indices=0,1,12,46,71,119,142,147,149 recid=0
indices=0,1,13,67,85,117,141,147,149 recid=1
indices=0,1,13,93,101,104,139,146,149 recid=1
indices=0,1,14,21,32,136,142,147,149 recid=1
indices=0,1,14,35,45,96,142,146,149 recid=0
indices=0,1,14,43,56,65,138,146,148 recid=0
indices=0,1,14,43,72,100,144,145,147 recid=0
indices=0,1,14,51,108,113,138,144,145 recid=1
indices=0,1,14,113,126,127,141,144,148 recid=1
indices=0,1,15,18,93,97,139,144,149 recid=1
indices=0,1,15,23,105,120,142,145,146 recid=0
indices=0,1,15,38,86,112,138,144,146 recid=1
indices=0,1,15,43,54,88,137,144,147 recid=0
indices=0,1,15,62,92,100,143,147,148 recid=1
indices=0,1,15,65,72,101,141,146,149 recid=1
indices=0,1,16,21,31,89,142,146,147 recid=0
indices=0,1,16,35,51,73,137,148,149 recid=0
indices=0,1,16,65,114,129,137,147,149 recid=1
indices=0,1,17,22,79,110,147,148,149 recid=1
indices=0,1,17,39,42,71,141,144,145 recid=0
indices=0,1,18,40,41,80,144,146,149 recid=1
indices=0,1,18,53,60,68,146,147,149 recid=0
indices=0,1,18,54,91,124,140,147,148 recid=0
indices=0,1,18,58,94,95,142,145,146 recid=1
indices=0,1,18,100,129,132,143,145,149 recid=1
indices=0,1,19,94,111,128,137,145,147 recid=1
indices=0,1,21,37,59,68,144,147,148 recid=1
indices=0,1,21,57,73,119,140,148,149 recid=1
indices=0,1,21,74,91,133,138,144,149 recid=0
indices=0,1,22,29,69,75,138,144,148 recid=0
indices=0,1,22,50,119,126,140,146,147 recid=0
indices=0,1,22,52,73,83,138,144,146 recid=0
indices=0,1,22,61,74,107,145,146,147 recid=1
indices=0,1,23,33,41,68,137,138,147 recid=0
indices=0,1,23,39,65,109,145,147,149 recid=1
indices=0,1,23,81,101,116,143,146,148 recid=1
indices=0,1,23,94,109,115,143,144,149 recid=0
indices=0,1,24,25,49,53,139,146,147 recid=0
indices=0,1,24,38,51,53,139,145,147 recid=1
indices=0,1,24,54,73,114,142,147,149 recid=1
indices=0,1,24,66,96,110,143,145,147 recid=1
indices=0,1,24,74,89,102,147,148,149 recid=0
indices=0,1,24,80,96,129,141,146,147 recid=1
indices=0,1,24,91,93,136,145,146,149 recid=0
indices=0,1,25,29,54,119,139,145,149 recid=0
indices=0,1,25,34,80,103,139,146,149 recid=0
indices=0,1,25,41,99,100,143,144,147 recid=1
indices=0,1,25,82,85,129,139,147,148 recid=1
indices=0,1,25,102,125,134,137,144,148 recid=0
indices=0,1,26,58,94,104,140,147,148 recid=1
indices=0,1,26,65,80,86,140,146,149 recid=0
indices=0,1,27,33,56,124,141,147,148 recid=0
indices=0,1,27,44,60,73,140,144,148 recid=1
indices=0,1,27,67,104,114,143,148,149 recid=0
indices=0,1,27,95,106,129,140,147,148 recid=1
indices=0,1,28,30,58,128,140,146,147 recid=0
indices=0,1,28,35,48,89,137,147,149 recid=1
indices=0,1,28,39,56,89,138,147,148 recid=1
indices=0,1,28,71,74,128,143,146,147 recid=1
indices=0,1,28,72,75,124,139,145,146 recid=0
indices=0,1,28,80,123,131,138,145,148 recid=1
indices=0,1,28,87,119,120,137,144,147 recid=0
indices=0,1,29,45,116,122,144,146,149 recid=0
indices=0,1,29,56,80,96,145,147,149 recid=1
indices=0,1,29,62,71,131,140,144,145 recid=0
indices=0,1,29,83,90,126,139,144,148 recid=1
indices=0,1,30,70,77,125,140,145,147 recid=0
indices=0,1,30,94,101,136,144,145,149 recid=1
indices=0,1,30,100,115,123,139,144,146 recid=0
indices=0,1,31,33,86,120,143,145,147 recid=1
indices=0,1,31,40,48,62,141,146,147 recid=1
indices=0,1,31,49,73,84,144,147,148 recid=0
indices=0,1,31,53,69,80,141,146,149 recid=1
indices=0,1,31,82,84,88,145,147,148 recid=0
indices=0,1,32,34,73,87,142,147,148 recid=0
indices=0,1,32,38,67,76,143,146,148 recid=0
indices=0,1,32,60,77,134,142,145,146 recid=0
indices=0,1,32,76,93,113,142,147,148 recid=1
indices=0,1,32,107,112,119,143,147,148 recid=0
indices=0,1,33,35,46,116,144,146,148 recid=0
indices=0,1,33,38,89,95,137,145,148 recid=1
indices=0,1,33,62,97,99,140,148,149 recid=1
indices=0,1,33,75,77,107,140,145,147 recid=0
indices=0,1,34,54,127,135,143,144,145 recid=0
indices=0,1,34,84,94,108,139,148,149 recid=0
indices=0,1,35,36,87,132,138,145,146 recid=1
indices=0,1,35,52,115,128,142,148,149 recid=1
indices=0,1,35,57,107,126,140,144,148 recid=0
indices=0,1,35,59,81,103,143,147,148 recid=1
indices=0,1,36,72,94,131,140,146,148 recid=1
indices=0,1,37,41,98,106,137,145,149 recid=1
indices=0,1,37,43,76,97,140,145,147 recid=1
indices=0,1,38,43,65,83,138,146,147 recid=0
indices=0,1,38,58,77,122,140,146,148 recid=0
indices=0,1,38,70,71,130,137,148,149 recid=1
indices=0,1,39,53,115,127,143,144,147 recid=1
indices=0,1,39,55,85,121,140,144,146 recid=0
indices=0,1,39,55,115,122,141,145,148 recid=1
indices=0,1,40,75,99,106,138,145,149 recid=0
indices=0,1,40,78,86,91,142,144,149 recid=0
indices=0,1,40,78,121,130,138,145,146 recid=0
indices=0,1,41,44,119,120,142,144,145 recid=1
indices=0,1,41,51,93,98,137,138,147 recid=1
indices=0,1,41,51,122,124,137,147,149 recid=0
indices=0,1,41,52,130,134,137,148,149 recid=0
indices=0,1,41,83,110,126,138,144,146 recid=0
indices=0,1,41,104,108,112,139,145,149 recid=1
indices=0,1,42,59,70,101,137,138,145 recid=0
indices=0,1,44,63,77,131,141,144,146 recid=0
indices=0,1,45,59,130,135,138,144,148 recid=0
indices=0,1,45,96,97,123,142,148,149 recid=1
indices=0,1,48,68,90,132,139,144,147 recid=1
indices=0,1,48,85,98,123,137,145,149 recid=1
indices=0,1,49,50,85,118,137,145,147 recid=1
indices=0,1,49,79,100,125,142,147,148 recid=0
indices=0,1,49,103,130,134,139,145,146 recid=0
indices=0,1,51,61,62,67,140,146,147 recid=1
indices=0,1,51,63,104,120,143,145,149 recid=1
indices=0,1,52,67,109,123,144,148,149 recid=0
indices=0,1,52,69,99,100,144,146,147 recid=0
indices=0,1,53,60,68,87,138,147,149 recid=1
indices=0,1,54,55,75,122,141,147,148 recid=1
indices=0,1,55,67,112,128,137,144,149 recid=0
indices=0,1,57,92,116,135,139,145,149 recid=1
indices=0,1,58,86,87,94,145,148,149 recid=1
indices=0,1,59,63,100,107,144,146,149 recid=0
indices=0,1,60,73,114,130,142,145,149 recid=1
indices=0,1,60,77,92,109,141,144,146 recid=0
